**********************************************
* Logging started at Fri Jan 10 13:09:16 2025
* By 3dec Version 7.00 Release 161
* 
* 
* Job Title: 
**********************************************
3dec>log-file 'init_state.txt'
**********************************************
* Logging ended at Fri Jan 10 13:09:16 2025
**********************************************
**********************************************
* Logging started at Fri Jan 10 13:09:22 2025
* By 3dec Version 7.00 Release 161
* 
* 
* Job Title: 
**********************************************
3dec>@contacts_output
contact = 1 1 1 0 (5.185,0.25,0.820998) (0.155963,0,-0.987763)
subcontact = (5.432,0,0.86) 6334.66 (1126.07,-5.52322e-08,177.8) 152 -5.06651e-06 (-2.16153e-06,1.0602e-16,-3.41295e-07) 303991 54707.8 0.0208383
subcontact = (5.432,0.5,0.86) 12669.3 (2252.14,-1.10464e-07,355.601) 151 -5.06651e-06 (-2.16153e-06,1.0602e-16,-3.41295e-07) 303991 54707.8 0.0416767
subcontact = (4.938,0.5,0.782) 1370.73 (1126.08,6.51038e-08,177.802) 150 -1.09632e-06 (-2.16155e-06,-1.24969e-16,-3.41297e-07) 65779 54708.2 0.0208383
subcontact = (4.938,0,0.782) 2741.45 (2252.15,1.30208e-07,355.603) 149 -1.09632e-06 (-2.16155e-06,-1.24969e-16,-3.41297e-07) 65779 54708.2 0.0416767
subcontact = (4.938,1.24969e-16,0.781999) 1370.74 (1126.08,6.51037e-08,177.802) 148 -1.09633e-06 (-2.16155e-06,-1.24969e-16,-3.41297e-07) 65779.6 54708.2 0.0208383
subcontact = (4.938,0.5,0.781999) 2741.47 (2252.15,1.30207e-07,355.603) 147 -1.09633e-06 (-2.16155e-06,-1.24969e-16,-3.41297e-07) 65779.6 54708.2 0.0416767
subcontact = (5.432,0.5,0.859995) 6334.67 (1126.07,-5.52323e-08,177.8) 146 -5.06652e-06 (-2.16153e-06,1.06021e-16,-3.41295e-07) 303991 54707.8 0.0208383
subcontact = (5.432,-1.06021e-16,0.859995) 12669.3 (2252.14,-1.10465e-07,355.601) 145 -5.06652e-06 (-2.16153e-06,1.06021e-16,-3.41295e-07) 303991 54707.8 0.0416767
contact = 2 1 2 1 (4.99301,0.25,1.6225) (0.309628,0,-0.950858)
subcontact = (5.23101,-3.9561e-16,1.7) 3172.08 (612.062,-6.62799e-08,199.306) 144 -2.53462e-06 (-1.17375e-06,1.27105e-16,-3.82208e-07) 152077 30860.3 0.0208584
subcontact = (5.23101,0.5,1.7) 6344.17 (1224.12,-1.3256e-07,398.612) 143 -2.53462e-06 (-1.17375e-06,1.27105e-16,-3.82208e-07) 152077 30860.3 0.0417167
subcontact = (4.75501,0.5,1.545) 4029.35 (612.06,7.61487e-08,199.305) 142 -3.21961e-06 (-1.17375e-06,-1.4603e-16,-3.82207e-07) 193177 30860.2 0.0208584
subcontact = (4.75501,-1.37906e-16,1.545) 8058.7 (1224.12,1.52297e-07,398.61) 141 -3.21961e-06 (-1.17375e-06,-1.4603e-16,-3.82207e-07) 193177 30860.2 0.0417167
subcontact = (4.75501,8.12413e-18,1.545) 4029.35 (612.06,7.61486e-08,199.305) 140 -3.21961e-06 (-1.17375e-06,-1.4603e-16,-3.82207e-07) 193177 30860.2 0.0208584
subcontact = (4.75501,0.5,1.545) 8058.7 (1224.12,1.52297e-07,398.61) 139 -3.21961e-06 (-1.17375e-06,-1.4603e-16,-3.82207e-07) 193177 30860.2 0.0417167
subcontact = (5.23101,0.5,1.69999) 3172.08 (612.062,-6.628e-08,199.306) 138 -2.53462e-06 (-1.17375e-06,1.27105e-16,-3.82208e-07) 152077 30860.3 0.0208584
subcontact = (5.23101,-5.22715e-16,1.69999) 6344.17 (1224.12,-1.3256e-07,398.612) 137 -2.53462e-06 (-1.17375e-06,1.27105e-16,-3.82208e-07) 152077 30860.3 0.0417167
contact = 3 1 3 2 (4.67802,0.25,2.3835) (0.453596,0,-0.891207)
subcontact = (4.90102,-1.07529e-15,2.497) 1416.25 (231.117,-7.19564e-08,117.631) 136 -1.13199e-06 (-4.43351e-07,1.38034e-16,-2.25652e-07) 67919.6 12436.8 0.0208519
subcontact = (4.90102,0.5,2.497) 2832.5 (462.234,-1.43913e-07,235.263) 135 -1.13199e-06 (-4.43351e-07,1.38034e-16,-2.25652e-07) 67919.6 12436.8 0.0417037
subcontact = (4.45502,0.5,2.27) 5179.12 (231.112,8.18158e-08,117.629) 134 -4.13961e-06 (-4.43341e-07,-1.56947e-16,-2.25647e-07) 248377 12436.5 0.0208519
subcontact = (4.45502,-4.94682e-16,2.27) 10358.2 (462.224,1.63632e-07,235.258) 133 -4.13961e-06 (-4.43341e-07,-1.56947e-16,-2.25647e-07) 248377 12436.5 0.0417037
subcontact = (4.45502,-3.37735e-16,2.27) 5179.12 (231.112,8.18158e-08,117.629) 132 -4.13961e-06 (-4.43341e-07,-1.56947e-16,-2.25647e-07) 248377 12436.5 0.0208519
subcontact = (4.45502,0.5,2.27) 10358.2 (462.224,1.63632e-07,235.258) 131 -4.13961e-06 (-4.43341e-07,-1.56947e-16,-2.25647e-07) 248377 12436.5 0.0417037
subcontact = (4.90102,0.5,2.497) 1416.25 (231.117,-7.19564e-08,117.631) 130 -1.13199e-06 (-4.43351e-07,1.38034e-16,-2.25652e-07) 67919.5 12436.8 0.0208519
subcontact = (4.90102,-1.21333e-15,2.497) 2832.5 (462.234,-1.43913e-07,235.263) 129 -1.13199e-06 (-4.43351e-07,1.38034e-16,-2.25652e-07) 67919.5 12436.8 0.0417037
contact = 4 1 4 3 (4.24752,0.25,3.086) (0.587459,0,-0.809254)
subcontact = (4.45002,-1.82921e-15,3.233) 743.195 (-18.6035,-8.22049e-08,-13.5048) 128 -5.94008e-07 (3.56809e-08,1.60144e-16,2.59017e-08) 35640.5 1102.43 0.0208525
subcontact = (4.45002,0.5,3.233) 1486.39 (-37.207,-1.6441e-07,-27.0096) 127 -5.94008e-07 (3.56809e-08,1.60144e-16,2.59017e-08) 35640.5 1102.43 0.0417051
subcontact = (4.04502,0.5,2.939) 5199.41 (-18.599,9.20473e-08,-13.5015) 126 -4.1557e-06 (3.56723e-08,-1.74951e-16,2.58954e-08) 249342 1102.16 0.0208525
subcontact = (4.04502,-8.97487e-16,2.939) 10398.8 (-37.198,1.84095e-07,-27.003) 125 -4.1557e-06 (3.56723e-08,-1.74951e-16,2.58954e-08) 249342 1102.16 0.0417051
subcontact = (4.04502,-7.22536e-16,2.93899) 5199.41 (-18.599,9.20473e-08,-13.5015) 124 -4.1557e-06 (3.56723e-08,-1.74951e-16,2.58954e-08) 249342 1102.16 0.0208525
subcontact = (4.04502,0.5,2.93899) 10398.8 (-37.198,1.84095e-07,-27.003) 123 -4.1557e-06 (3.56723e-08,-1.74951e-16,2.58954e-08) 249342 1102.16 0.0417051
subcontact = (4.45002,0.5,3.233) 743.195 (-18.6035,-8.22049e-08,-13.5048) 122 -5.94009e-07 (3.56809e-08,1.60144e-16,2.59017e-08) 35640.5 1102.43 0.0208525
subcontact = (4.45002,-1.98935e-15,3.233) 1486.39 (-37.207,-1.6441e-07,-27.0096) 121 -5.94009e-07 (3.56809e-08,1.60144e-16,2.59017e-08) 35640.5 1102.43 0.0417051
contact = 5 1 5 4 (3.71252,0.25,3.71249) (0.707107,0,-0.707107)
subcontact = (3.88901,-2.56564e-15,3.88899) 824.252 (-144.218,-8.96338e-08,-144.218) 120 -6.60435e-07 (2.77333e-07,1.72367e-16,2.77333e-07) 39626.1 9805.19 0.0208007
subcontact = (3.88901,0.5,3.88899) 1648.5 (-288.436,-1.79268e-07,-288.436) 119 -6.60435e-07 (2.77333e-07,1.72367e-16,2.77333e-07) 39626.1 9805.19 0.0416014
subcontact = (3.53602,0.5,3.53599) 4468.05 (-144.208,9.94529e-08,-144.208) 118 -3.58004e-06 (2.77313e-07,-1.91249e-16,2.77313e-07) 214803 9804.5 0.0208007
subcontact = (3.53602,-1.24937e-15,3.53599) 8936.1 (-288.416,1.98906e-07,-288.416) 117 -3.58004e-06 (2.77313e-07,-1.91249e-16,2.77313e-07) 214803 9804.5 0.0416014
subcontact = (3.53602,-1.05812e-15,3.53599) 4468.05 (-144.208,9.9453e-08,-144.208) 116 -3.58004e-06 (2.77313e-07,-1.91249e-16,2.77313e-07) 214803 9804.5 0.0208007
subcontact = (3.53602,0.5,3.53599) 8936.1 (-288.416,1.98906e-07,-288.416) 115 -3.58004e-06 (2.77313e-07,-1.91249e-16,2.77313e-07) 214803 9804.5 0.0416014
subcontact = (3.88901,0.5,3.88899) 824.253 (-144.218,-8.96338e-08,-144.218) 114 -6.60436e-07 (2.77333e-07,1.72367e-16,2.77333e-07) 39626.2 9805.19 0.0208007
subcontact = (3.88901,-2.73801e-15,3.88899) 1648.51 (-288.436,-1.79268e-07,-288.436) 113 -6.60436e-07 (2.77333e-07,1.72367e-16,2.77333e-07) 39626.2 9805.19 0.0416014
contact = 6 1 6 5 (3.08601,0.25,4.24748) (0.809254,0,-0.587459)
subcontact = (3.23301,-3.12128e-15,4.44998) 1373.11 (-170.678,-1.0482e-07,-235.118) 112 -1.09747e-06 (3.274e-07,2.01254e-16,4.51011e-07) 65848.5 13932.9 0.0208525
subcontact = (3.23301,0.5,4.44998) 2746.21 (-341.356,-2.09639e-07,-470.235) 111 -1.09747e-06 (3.274e-07,2.01254e-16,4.51011e-07) 65848.5 13932.9 0.0417051
subcontact = (2.93901,0.5,4.04498) 3316.54 (-170.671,1.14612e-07,-235.109) 110 -2.65079e-06 (3.27388e-07,-2.19906e-16,4.50993e-07) 159048 13932.4 0.0208525
subcontact = (2.93901,-1.40247e-15,4.04498) 6633.09 (-341.343,2.29225e-07,-470.217) 109 -2.65079e-06 (3.27388e-07,-2.19906e-16,4.50993e-07) 159048 13932.4 0.0417051
subcontact = (2.93901,-1.18256e-15,4.04498) 3316.55 (-170.671,1.14612e-07,-235.109) 108 -2.65079e-06 (3.27388e-07,-2.19906e-16,4.50993e-07) 159048 13932.4 0.0208525
subcontact = (2.93901,0.5,4.04498) 6633.09 (-341.343,2.29225e-07,-470.217) 107 -2.65079e-06 (3.27388e-07,-2.19906e-16,4.50993e-07) 159048 13932.4 0.0417051
subcontact = (3.23301,0.5,4.44998) 1373.11 (-170.678,-1.0482e-07,-235.118) 106 -1.09748e-06 (3.274e-07,2.01254e-16,4.51011e-07) 65848.5 13932.9 0.0208525
subcontact = (3.23301,-3.32254e-15,4.44998) 2746.22 (-341.356,-2.09639e-07,-470.235) 105 -1.09748e-06 (3.274e-07,2.01254e-16,4.51011e-07) 65848.5 13932.9 0.0417051
contact = 7 1 7 6 (2.38351,0.25,4.67797) (0.891207,0,-0.453596)
subcontact = (2.497,-3.45356e-15,4.90097) 2102.86 (-133.568,-1.011e-07,-262.428) 104 -1.68079e-06 (2.56222e-07,1.93894e-16,5.03414e-07) 100847 14121.7 0.0208519
subcontact = (2.497,0.5,4.90097) 4205.72 (-267.135,-2.02199e-07,-524.856) 103 -1.68079e-06 (2.56222e-07,1.93894e-16,5.03414e-07) 100847 14121.7 0.0417037
subcontact = (2.27001,0.5,4.45497) 2072.26 (-133.568,1.10868e-07,-262.428) 102 -1.65633e-06 (2.56222e-07,-2.12701e-16,5.03414e-07) 99379.9 14121.7 0.0208519
subcontact = (2.27001,-1.30187e-15,4.45497) 4144.51 (-267.135,2.21735e-07,-524.856) 101 -1.65633e-06 (2.56222e-07,-2.12701e-16,5.03414e-07) 99379.9 14121.7 0.0417037
subcontact = (2.27001,-1.08917e-15,4.45497) 2072.26 (-133.568,1.10868e-07,-262.428) 100 -1.65633e-06 (2.56222e-07,-2.12701e-16,5.03414e-07) 99379.9 14121.7 0.0208519
subcontact = (2.27001,0.5,4.45497) 4144.51 (-267.135,2.21735e-07,-524.856) 99 -1.65633e-06 (2.56222e-07,-2.12701e-16,5.03414e-07) 99379.9 14121.7 0.0417037
subcontact = (2.497,0.5,4.90097) 2102.86 (-133.568,-1.011e-07,-262.428) 98 -1.68079e-06 (2.56222e-07,1.93894e-16,5.03414e-07) 100847 14121.7 0.0208519
subcontact = (2.497,-3.64746e-15,4.90097) 4205.72 (-267.135,-2.02199e-07,-524.856) 97 -1.68079e-06 (2.56222e-07,1.93894e-16,5.03414e-07) 100847 14121.7 0.0417037
contact = 8 1 8 7 (1.6225,0.25,4.99296) (0.950858,0,-0.309628)
subcontact = (1.7,-3.29825e-15,5.23096) 2795.26 (-71.7791,-1.04831e-07,-220.431) 96 -2.23352e-06 (1.3765e-07,2.00656e-16,4.2272e-07) 134011 11114.2 0.0208584
subcontact = (1.7,0.5,5.23096) 5590.51 (-143.558,-2.09661e-07,-440.863) 95 -2.23352e-06 (1.3765e-07,2.00656e-16,4.2272e-07) 134011 11114.2 0.0417167
subcontact = (1.545,0.5,4.75495) 987.972 (-71.7824,1.1458e-07,-220.441) 94 -7.8943e-07 (1.37657e-07,-2.2007e-16,4.22739e-07) 47365.8 11114.7 0.0208584
subcontact = (1.545,-7.70654e-16,4.75495) 1975.94 (-143.565,2.2916e-07,-440.883) 93 -7.8943e-07 (1.37657e-07,-2.2007e-16,4.22739e-07) 47365.8 11114.7 0.0417167
subcontact = (1.54501,-5.50583e-16,4.75495) 987.972 (-71.7824,1.1458e-07,-220.441) 92 -7.89429e-07 (1.37657e-07,-2.2007e-16,4.22739e-07) 47365.7 11114.7 0.0208584
subcontact = (1.54501,0.5,4.75495) 1975.94 (-143.565,2.2916e-07,-440.883) 91 -7.89429e-07 (1.37657e-07,-2.2007e-16,4.22739e-07) 47365.7 11114.7 0.0417167
subcontact = (1.7,0.5,5.23096) 2795.26 (-71.7791,-1.04831e-07,-220.431) 90 -2.23352e-06 (1.3765e-07,2.00656e-16,4.2272e-07) 134011 11114.2 0.0208584
subcontact = (1.7,-3.4989e-15,5.23096) 5590.51 (-143.558,-2.09661e-07,-440.863) 89 -2.23352e-06 (1.3765e-07,2.00656e-16,4.2272e-07) 134011 11114.2 0.0417167
contact = 9 1 9 8 (0.821,0.25,5.18495) (0.987763,0,-0.155963)
subcontact = (0.859997,-2.50441e-15,5.43195) 3283.13 (-21.6232,7.36837e-07,-136.947) 88 -2.62587e-06 (4.14972e-08,-1.41552e-15,2.62816e-07) 157552 6653.29 0.0208383
subcontact = (0.859997,0.5,5.43195) 6566.26 (-43.2464,1.47367e-06,-273.894) 87 -2.62587e-06 (4.14972e-08,-1.41552e-15,2.62816e-07) 157552 6653.29 0.0416767
subcontact = (0.782003,0.5,4.93794) 254.005 (-18.4767,-7.27095e-07,-117.019) 86 -2.03155e-07 (4.1501e-08,2.25535e-15,2.6284e-07) 12189.3 5685.13 0.0208383
subcontact = (0.782003,3.50456e-16,4.93794) 508.009 (-36.9533,-1.45419e-06,-234.038) 85 -2.03155e-07 (4.1501e-08,2.25535e-15,2.6284e-07) 12189.3 5685.13 0.0416767
subcontact = (0.782003,-1.9049e-15,4.93794) 254.004 (-18.4767,-7.27095e-07,-117.019) 84 -2.03154e-07 (4.1501e-08,2.25535e-15,2.6284e-07) 12189.3 5685.13 0.0208383
subcontact = (0.782003,0.5,4.93794) 508.008 (-36.9533,-1.45419e-06,-234.038) 83 -2.03154e-07 (4.1501e-08,2.25535e-15,2.6284e-07) 12189.3 5685.13 0.0416767
subcontact = (0.859999,0.5,5.43195) 3283.13 (-21.6232,7.36836e-07,-136.947) 82 -2.62587e-06 (4.14972e-08,-1.41552e-15,2.62816e-07) 157552 6653.29 0.0208383
subcontact = (0.859999,-1.0889e-15,5.43195) 6566.26 (-43.2464,1.47367e-06,-273.894) 81 -2.62587e-06 (4.14972e-08,-1.41552e-15,2.62816e-07) 157552 6653.29 0.0416767
contact = 10 1 10 9 (4.16932e-17,0.25,5.24994) (1,0,0)
subcontact = (-1.3815e-06,1.4412e-16,5.49994) 3453.75 (0,9.74631e-09,-4.60896e-07) 80 -2.763e-06 (0,-1.87129e-17,8.84921e-16) 165780 2.2128e-05 0.0208333
subcontact = (-1.3815e-06,0.5,5.49994) 6907.5 (0,1.94926e-08,9.22766e-07) 79 -2.763e-06 (0,-1.87129e-17,-8.85855e-16) 165780 2.21513e-05 0.0416667
subcontact = (2.48392e-06,0.5,4.99994) 0 (0,0,0) 78 4.96784e-06 (0,-1.7895e-15,-8.85852e-16) 0 0 0.0208333
subcontact = (2.48392e-06,-7.83403e-16,4.99994) 0 (0,0,0) 77 4.96784e-06 (0,-1.7895e-15,8.84919e-16) 0 0 0.0416667
subcontact = (-2.48392e-06,1.0061e-15,4.99994) 0 (0,0,0) 76 4.96784e-06 (0,-1.7895e-15,8.84923e-16) 0 0 0.0208333
subcontact = (-2.48392e-06,0.5,4.99994) 0 (0,0,0) 75 4.96784e-06 (0,-1.7895e-15,-8.85862e-16) 0 0 0.0416667
subcontact = (1.3815e-06,0.5,5.49994) 3453.75 (0,9.74631e-09,4.61386e-07) 74 -2.763e-06 (0,-1.87129e-17,-8.8586e-16) 165780 2.21514e-05 0.0208333
subcontact = (1.3815e-06,1.62833e-16,5.49994) 6907.5 (0,1.94926e-08,-9.21793e-07) 73 -2.763e-06 (0,-1.87129e-17,8.84921e-16) 165780 2.2128e-05 0.0416667
contact = 11 1 11 10 (-0.821,0.25,5.18495) (0.987763,0,0.155963)
subcontact = (-0.859999,1.38082e-15,5.43195) 3283.13 (-21.6232,7.36712e-07,136.947) 72 -2.62587e-06 (4.14972e-08,-1.41641e-15,-2.62816e-07) 157552 6653.29 0.0208383
subcontact = (-0.859999,0.5,5.43195) 6566.26 (-43.2464,1.47342e-06,273.894) 71 -2.62587e-06 (4.14972e-08,-1.41641e-15,-2.62816e-07) 157552 6653.29 0.0416767
subcontact = (-0.782003,0.5,4.93794) 254.004 (-18.4767,-7.26948e-07,117.019) 70 -2.03154e-07 (4.1501e-08,2.25391e-15,-2.6284e-07) 12189.3 5685.13 0.0208383
subcontact = (-0.782003,2.1139e-15,4.93794) 508.008 (-36.9533,-1.4539e-06,234.038) 69 -2.03154e-07 (4.1501e-08,2.25391e-15,-2.6284e-07) 12189.3 5685.13 0.0416767
subcontact = (-0.782003,-1.40013e-16,4.93794) 254.005 (-18.4767,-7.26948e-07,117.019) 68 -2.03155e-07 (4.1501e-08,2.25391e-15,-2.6284e-07) 12189.3 5685.13 0.0208383
subcontact = (-0.782003,0.5,4.93794) 508.009 (-36.9533,-1.4539e-06,234.038) 67 -2.03155e-07 (4.1501e-08,2.25391e-15,-2.6284e-07) 12189.3 5685.13 0.0416767
subcontact = (-0.859997,0.5,5.43195) 3283.13 (-21.6232,7.36712e-07,136.947) 66 -2.62587e-06 (4.14972e-08,-1.41641e-15,-2.62816e-07) 157552 6653.29 0.0208383
subcontact = (-0.859997,2.79722e-15,5.43195) 6566.26 (-43.2464,1.47342e-06,273.894) 65 -2.62587e-06 (4.14972e-08,-1.41641e-15,-2.62816e-07) 157552 6653.29 0.0416767
contact = 12 1 12 11 (-1.6225,0.25,4.99296) (0.950858,0,0.309628)
subcontact = (-1.7,3.75082e-15,5.23096) 2795.26 (-71.7791,-1.05005e-07,220.431) 64 -2.23352e-06 (1.3765e-07,2.00612e-16,-4.2272e-07) 134011 11114.2 0.0208584
subcontact = (-1.7,0.5,5.23096) 5590.51 (-143.558,-2.10011e-07,440.863) 63 -2.23352e-06 (1.3765e-07,2.00612e-16,-4.2272e-07) 134011 11114.2 0.0417167
subcontact = (-1.54501,0.5,4.75495) 987.972 (-71.7824,1.14797e-07,220.441) 62 -7.89429e-07 (1.37657e-07,-2.20828e-16,-4.22739e-07) 47365.7 11114.7 0.0208584
subcontact = (-1.54501,7.23809e-16,4.75495) 1975.94 (-143.565,2.29595e-07,440.883) 61 -7.89429e-07 (1.37657e-07,-2.20828e-16,-4.22739e-07) 47365.7 11114.7 0.0417167
subcontact = (-1.545,9.44637e-16,4.75495) 987.972 (-71.7824,1.14797e-07,220.441) 60 -7.8943e-07 (1.37657e-07,-2.20827e-16,-4.22739e-07) 47365.8 11114.7 0.0208584
subcontact = (-1.545,0.5,4.75495) 1975.94 (-143.565,2.29595e-07,440.883) 59 -7.8943e-07 (1.37657e-07,-2.20827e-16,-4.22739e-07) 47365.8 11114.7 0.0417167
subcontact = (-1.7,0.5,5.23096) 2795.26 (-71.7791,-1.05005e-07,220.431) 58 -2.23352e-06 (1.3765e-07,2.00612e-16,-4.2272e-07) 134011 11114.2 0.0208584
subcontact = (-1.7,3.55021e-15,5.23096) 5590.51 (-143.558,-2.10011e-07,440.863) 57 -2.23352e-06 (1.3765e-07,2.00612e-16,-4.2272e-07) 134011 11114.2 0.0417167
contact = 13 1 13 12 (-2.38351,0.25,4.67797) (0.891207,0,0.453596)
subcontact = (-2.497,3.8337e-15,4.90097) 2102.86 (-133.568,-1.01372e-07,262.428) 56 -1.68079e-06 (2.56222e-07,1.94372e-16,-5.03414e-07) 100847 14121.7 0.0208519
subcontact = (-2.497,0.5,4.90097) 4205.72 (-267.135,-2.02745e-07,524.856) 55 -1.68079e-06 (2.56222e-07,1.94372e-16,-5.03414e-07) 100847 14121.7 0.0417037
subcontact = (-2.27001,0.5,4.45497) 2072.26 (-133.568,1.11202e-07,262.428) 54 -1.65633e-06 (2.56222e-07,-2.13366e-16,-5.03414e-07) 99379.9 14121.7 0.0208519
subcontact = (-2.27001,1.20341e-15,4.45497) 4144.51 (-267.135,2.22404e-07,524.856) 53 -1.65633e-06 (2.56222e-07,-2.13366e-16,-5.03414e-07) 99379.9 14121.7 0.0417037
subcontact = (-2.27001,1.41677e-15,4.45497) 2072.26 (-133.568,1.11202e-07,262.428) 52 -1.65633e-06 (2.56222e-07,-2.13366e-16,-5.03414e-07) 99379.9 14121.7 0.0208519
subcontact = (-2.27001,0.5,4.45497) 4144.51 (-267.135,2.22404e-07,524.856) 51 -1.65633e-06 (2.56222e-07,-2.13366e-16,-5.03414e-07) 99379.9 14121.7 0.0417037
subcontact = (-2.497,0.5,4.90097) 2102.86 (-133.568,-1.01373e-07,262.428) 50 -1.68079e-06 (2.56222e-07,1.94372e-16,-5.03414e-07) 100847 14121.7 0.0208519
subcontact = (-2.497,3.63933e-15,4.90097) 4205.72 (-267.135,-2.02745e-07,524.856) 49 -1.68079e-06 (2.56222e-07,1.94372e-16,-5.03414e-07) 100847 14121.7 0.0417037
contact = 14 1 14 13 (-3.08601,0.25,4.24748) (0.809254,0,0.587459)
subcontact = (-3.23301,3.41958e-15,4.44998) 1373.11 (-170.678,-1.14024e-07,235.118) 48 -1.09748e-06 (3.274e-07,2.19096e-16,-4.51011e-07) 65848.5 13932.9 0.0208525
subcontact = (-3.23301,0.5,4.44998) 2746.22 (-341.356,-2.28047e-07,470.235) 47 -1.09748e-06 (3.274e-07,2.19096e-16,-4.51011e-07) 65848.5 13932.9 0.0417051
subcontact = (-2.93901,0.5,4.04498) 3316.55 (-170.671,1.23893e-07,235.109) 46 -2.65079e-06 (3.27388e-07,-2.37763e-16,-4.50993e-07) 159048 13932.4 0.0208525
subcontact = (-2.93901,1.21681e-15,4.04498) 6633.09 (-341.343,2.47787e-07,470.217) 45 -2.65079e-06 (3.27388e-07,-2.37763e-16,-4.50993e-07) 159048 13932.4 0.0417051
subcontact = (-2.93901,1.45458e-15,4.04498) 3316.54 (-170.671,1.23893e-07,235.109) 44 -2.65079e-06 (3.27388e-07,-2.37763e-16,-4.50993e-07) 159048 13932.4 0.0208525
subcontact = (-2.93901,0.5,4.04498) 6633.09 (-341.343,2.47787e-07,470.217) 43 -2.65079e-06 (3.27388e-07,-2.37763e-16,-4.50993e-07) 159048 13932.4 0.0417051
subcontact = (-3.23301,0.5,4.44998) 1373.11 (-170.678,-1.14024e-07,235.118) 42 -1.09747e-06 (3.274e-07,2.19096e-16,-4.51011e-07) 65848.5 13932.9 0.0208525
subcontact = (-3.23301,3.20049e-15,4.44998) 2746.21 (-341.356,-2.28047e-07,470.235) 41 -1.09747e-06 (3.274e-07,2.19096e-16,-4.51011e-07) 65848.5 13932.9 0.0417051
contact = 15 1 15 14 (-3.71252,0.25,3.71249) (0.707107,0,0.707107)
subcontact = (-3.88901,2.79712e-15,3.88899) 824.253 (-144.218,-9.00987e-08,144.218) 40 -6.60436e-07 (2.77333e-07,1.73261e-16,-2.77333e-07) 39626.2 9805.19 0.0208007
subcontact = (-3.88901,0.5,3.88899) 1648.51 (-288.436,-1.80197e-07,288.436) 39 -6.60436e-07 (2.77333e-07,1.73261e-16,-2.77333e-07) 39626.2 9805.19 0.0416014
subcontact = (-3.53602,0.5,3.53599) 4468.05 (-144.208,1.00007e-07,144.208) 38 -3.58004e-06 (2.77313e-07,-1.92315e-16,-2.77313e-07) 214803 9804.5 0.0208007
subcontact = (-3.53602,1.09202e-15,3.53599) 8936.1 (-288.416,2.00014e-07,288.416) 37 -3.58004e-06 (2.77313e-07,-1.92315e-16,-2.77313e-07) 214803 9804.5 0.0416014
subcontact = (-3.53602,1.28434e-15,3.53599) 4468.05 (-144.208,1.00007e-07,144.208) 36 -3.58004e-06 (2.77313e-07,-1.92315e-16,-2.77313e-07) 214803 9804.5 0.0208007
subcontact = (-3.53602,0.5,3.53599) 8936.1 (-288.416,2.00014e-07,288.416) 35 -3.58004e-06 (2.77313e-07,-1.92315e-16,-2.77313e-07) 214803 9804.5 0.0416014
subcontact = (-3.88901,0.5,3.88899) 824.252 (-144.218,-9.00987e-08,144.218) 34 -6.60435e-07 (2.77333e-07,1.73261e-16,-2.77333e-07) 39626.1 9805.19 0.0208007
subcontact = (-3.88901,2.62386e-15,3.88899) 1648.5 (-288.436,-1.80197e-07,288.436) 33 -6.60435e-07 (2.77333e-07,1.73261e-16,-2.77333e-07) 39626.1 9805.19 0.0416014
contact = 16 1 16 15 (-4.24752,0.25,3.086) (0.587459,0,0.809254)
subcontact = (-4.45002,2.0173e-15,3.233) 743.195 (-18.6035,-8.28064e-08,13.5048) 32 -5.94009e-07 (3.56809e-08,1.56884e-16,-2.59017e-08) 35640.5 1102.43 0.0208525
subcontact = (-4.45002,0.5,3.233) 1486.39 (-37.207,-1.65613e-07,27.0096) 31 -5.94009e-07 (3.56809e-08,1.56884e-16,-2.59017e-08) 35640.5 1102.43 0.0417051
subcontact = (-4.04502,0.5,2.93899) 5199.41 (-18.599,9.27466e-08,13.5015) 30 -4.1557e-06 (3.56723e-08,-1.78956e-16,-2.58954e-08) 249342 1102.16 0.0208525
subcontact = (-4.04502,7.29939e-16,2.93899) 10398.8 (-37.198,1.85493e-07,27.003) 29 -4.1557e-06 (3.56723e-08,-1.78956e-16,-2.58954e-08) 249342 1102.16 0.0417051
subcontact = (-4.04502,9.08895e-16,2.939) 5199.41 (-18.599,9.27466e-08,13.5015) 28 -4.1557e-06 (3.56723e-08,-1.78956e-16,-2.58954e-08) 249342 1102.16 0.0208525
subcontact = (-4.04502,0.5,2.939) 10398.8 (-37.198,1.85493e-07,27.003) 27 -4.1557e-06 (3.56723e-08,-1.78956e-16,-2.58954e-08) 249342 1102.16 0.0417051
subcontact = (-4.45002,0.5,3.233) 743.195 (-18.6035,-8.28064e-08,13.5048) 26 -5.94008e-07 (3.56809e-08,1.56884e-16,-2.59017e-08) 35640.5 1102.43 0.0208525
subcontact = (-4.45002,1.86042e-15,3.233) 1486.39 (-37.207,-1.65613e-07,27.0096) 25 -5.94008e-07 (3.56809e-08,1.56884e-16,-2.59017e-08) 35640.5 1102.43 0.0417051
contact = 17 1 17 16 (-4.67802,0.25,2.3835) (0.453596,0,0.891207)
subcontact = (-4.90102,1.20518e-15,2.497) 1416.25 (231.117,-7.66202e-08,-117.631) 24 -1.13199e-06 (-4.43351e-07,1.4698e-16,2.25652e-07) 67919.5 12436.8 0.0208519
subcontact = (-4.90102,0.5,2.497) 2832.5 (462.234,-1.5324e-07,-235.263) 23 -1.13199e-06 (-4.43351e-07,1.4698e-16,2.25652e-07) 67919.5 12436.8 0.0417037
subcontact = (-4.45502,0.5,2.27) 5179.12 (231.112,8.65827e-08,-117.629) 22 -4.13961e-06 (-4.43341e-07,-1.66091e-16,2.25647e-07) 248377 12436.5 0.0208519
subcontact = (-4.45502,3.13375e-16,2.27) 10358.2 (462.224,1.73165e-07,-235.258) 21 -4.13961e-06 (-4.43341e-07,-1.66091e-16,2.25647e-07) 248377 12436.5 0.0417037
subcontact = (-4.45502,4.79466e-16,2.27) 5179.12 (231.112,8.65828e-08,-117.629) 20 -4.13961e-06 (-4.43341e-07,-1.66091e-16,2.25647e-07) 248377 12436.5 0.0208519
subcontact = (-4.45502,0.5,2.27) 10358.2 (462.224,1.73166e-07,-235.258) 19 -4.13961e-06 (-4.43341e-07,-1.66091e-16,2.25647e-07) 248377 12436.5 0.0417037
subcontact = (-4.90102,0.5,2.497) 1416.25 (231.117,-7.66202e-08,-117.631) 18 -1.13199e-06 (-4.43351e-07,1.4698e-16,2.25652e-07) 67919.6 12436.8 0.0208519
subcontact = (-4.90102,1.0582e-15,2.497) 2832.5 (462.234,-1.5324e-07,-235.263) 17 -1.13199e-06 (-4.43351e-07,1.4698e-16,2.25652e-07) 67919.6 12436.8 0.0417037
contact = 18 1 18 17 (-4.99301,0.25,1.6225) (0.309628,0,0.950858)
subcontact = (-5.23101,5.64619e-16,1.69999) 3172.08 (612.062,-6.46636e-08,-199.306) 16 -2.53462e-06 (-1.17375e-06,1.24005e-16,3.82208e-07) 152077 30860.3 0.0208584
subcontact = (-5.23101,0.5,1.69999) 6344.17 (1224.12,-1.29327e-07,-398.612) 15 -2.53462e-06 (-1.17375e-06,1.24005e-16,3.82208e-07) 152077 30860.3 0.0417167
subcontact = (-4.75501,0.5,1.545) 4029.35 (612.06,7.46381e-08,-199.305) 14 -3.21961e-06 (-1.17375e-06,-1.43133e-16,3.82207e-07) 193177 30860.2 0.0208584
subcontact = (-4.75501,3.03198e-17,1.545) 8058.7 (1224.12,1.49276e-07,-398.61) 13 -3.21961e-06 (-1.17375e-06,-1.43133e-16,3.82207e-07) 193177 30860.2 0.0417167
subcontact = (-4.75501,1.73453e-16,1.545) 4029.35 (612.06,7.46381e-08,-199.305) 12 -3.21961e-06 (-1.17375e-06,-1.43133e-16,3.82207e-07) 193177 30860.2 0.0208584
subcontact = (-4.75501,0.5,1.545) 8058.7 (1224.12,1.49276e-07,-398.61) 11 -3.21961e-06 (-1.17375e-06,-1.43133e-16,3.82207e-07) 193177 30860.2 0.0417167
subcontact = (-5.23101,0.5,1.7) 3172.08 (612.062,-6.46635e-08,-199.306) 10 -2.53462e-06 (-1.17375e-06,1.24005e-16,3.82208e-07) 152077 30860.3 0.0208584
subcontact = (-5.23101,4.40614e-16,1.7) 6344.17 (1224.12,-1.29327e-07,-398.612) 9 -2.53462e-06 (-1.17375e-06,1.24005e-16,3.82208e-07) 152077 30860.3 0.0417167
contact = 19 1 19 18 (-5.185,0.25,0.820998) (0.155963,0,0.987763)
subcontact = (-5.432,1.08706e-16,0.859995) 6334.67 (1126.07,-5.66313e-08,-177.8) 8 -5.06652e-06 (-2.16153e-06,1.08706e-16,3.41295e-07) 303991 54707.8 0.0208383
subcontact = (-5.432,0.5,0.859995) 12669.3 (2252.14,-1.13263e-07,-355.601) 7 -5.06652e-06 (-2.16153e-06,1.08706e-16,3.41295e-07) 303991 54707.8 0.0416767
subcontact = (-4.938,0.5,0.781999) 1370.74 (1126.08,6.66093e-08,-177.802) 6 -1.09633e-06 (-2.16155e-06,-1.27859e-16,3.41297e-07) 65779.6 54708.2 0.0208383
subcontact = (-4.938,-1.27859e-16,0.781999) 2741.47 (2252.15,1.33219e-07,-355.603) 5 -1.09633e-06 (-2.16155e-06,-1.27859e-16,3.41297e-07) 65779.6 54708.2 0.0416767
subcontact = (-4.938,0,0.782) 1370.73 (1126.08,6.66094e-08,-177.802) 4 -1.09632e-06 (-2.16155e-06,-1.27859e-16,3.41297e-07) 65779 54708.2 0.0208383
subcontact = (-4.938,0.5,0.782) 2741.45 (2252.15,1.33219e-07,-355.603) 3 -1.09632e-06 (-2.16155e-06,-1.27859e-16,3.41297e-07) 65779 54708.2 0.0416767
subcontact = (-5.432,0.5,0.86) 6334.66 (1126.07,-5.66312e-08,-177.8) 2 -5.06651e-06 (-2.16153e-06,1.08706e-16,3.41295e-07) 303991 54707.8 0.0208383
subcontact = (-5.432,0,0.86) 12669.3 (2252.14,-1.13262e-07,-355.601) 1 -5.06651e-06 (-2.16153e-06,1.08706e-16,3.41295e-07) 303991 54707.8 0.0416767
3dec>log off
**********************************************
* Logging ended at Fri Jan 10 13:09:22 2025
**********************************************
