**********************************************
* Logging started at Thu Feb 27 22:56:30 2025
* By 3dec Version 7.00 Release 161
* 
* 
* Job Title: 
**********************************************
3dec>log-file 'init_state.txt'
**********************************************
* Logging ended at Thu Feb 27 22:56:30 2025
**********************************************
**********************************************
* Logging started at Thu Feb 27 22:56:37 2025
* By 3dec Version 7.00 Release 161
* 
* 
* Job Title: 
**********************************************
3dec>@contacts_output
contact = 1 1 1 0 (0.362109,-0.687714,0.997993) (0,0,-1)
subcontact = (0.652973,-0.456477,0.997996) 133.395 (26.6722,6.60461,0) 118 -8.15379e-06 (-3.91283e-06,-9.68901e-07,0) 489228 100775 0.000272664
subcontact = (0.871596,-0.386,0.997993) 213.442 (28.1884,1.9003,0) 117 -1.30467e-05 (-4.13525e-06,-2.78776e-07,0) 782800 103616 0.000272664
subcontact = (1.31,-0.655001,0.997986) 19749.9 (1903.91,-640.243,0) 116 -1.42035e-05 (-3.28615e-06,1.10506e-06,0) 852208 86674.5 0.023175
subcontact = (1.232,-0.865001,0.997991) 6367.68 (813.235,-266.226,0) 115 -8.55871e-06 (-2.62334e-06,8.58794e-07,0) 513523 69008.3 0.0124
subcontact = (0.879004,-0.386,0.997987) 21420.8 (2804.15,173.182,0) 114 -1.31621e-05 (-4.13525e-06,-2.55389e-07,0) 789725 103578 0.0271243
subcontact = (0.673004,-0.385999,0.99799) 7790.77 (1348.79,295.395,0) 113 -9.95244e-06 (-4.13528e-06,-9.05656e-07,0) 597147 105832 0.0130467
subcontact = (0.900003,-0.805,0.997995) 8767.11 (2208.96,148.582,0) 112 -4.65145e-06 (-2.81276e-06,-1.89195e-07,0) 279087 70477.9 0.0314135
subcontact = (0.565003,-0.765999,0.998) 540.002 (37.2021,30.6577,0) 111 -2.54506e-07 (-2.9359e-06,-1.24666e-06,0) 15270.3 1363.2 0.0353628
subcontact = (0.879003,-0.655,0.997993) 14867.5 (2718.61,211.329,0) 110 -7.48816e-06 (-3.28621e-06,-2.55451e-07,0) 449289 82403 0.0330912
contact = 2 1 2 1 (0.919298,-0.648974,1.74605) (0.0648548,-0.154491,-0.985863)
subcontact = (1.23202,-0.876984,1.80199) 1107.92 (185.785,302.784,-35.2262) 109 -2.76293e-06 (-1.18646e-06,-2.0827e-06,2.4832e-07) 165776 53414.3 0.00668324
subcontact = (1.31202,-0.654985,1.77299) 5430.97 (389.961,415.611,-39.4751) 108 -7.21621e-06 (-1.55068e-06,-1.96718e-06,2.06257e-07) 432973 45544 0.0125435
subcontact = (0.673015,-0.385985,1.68899) 4917.83 (333.936,500.922,-56.5295) 107 -1.22971e-05 (-2.00403e-06,-3.00616e-06,3.39248e-07) 737827 90720.1 0.00666528
subcontact = (0.879015,-0.385985,1.70199) 10310.7 (693.773,923.653,-99.1021) 106 -1.23874e-05 (-2.00042e-06,-2.66325e-06,2.8575e-07) 743243 83577.2 0.0138726
subcontact = (0.879015,-0.654984,1.74399) 7400.42 (683.076,1164.74,-137.585) 105 -7.03153e-06 (-1.55766e-06,-2.65603e-06,3.13745e-07) 421892 77375.9 0.017541
subcontact = (0.562015,-0.768983,1.741) 5091.33 (630.785,1451.87,-186.02) 104 -4.62526e-06 (-1.3753e-06,-3.1655e-06,4.05579e-07) 277515 86877.6 0.0183461
subcontact = (0.898015,-0.814983,1.771) 3932.72 (550.62,1121.3,-139.492) 103 -3.85175e-06 (-1.29428e-06,-2.63573e-06,3.27889e-07) 231105 73865.3 0.017017
subcontact = (1.31202,-0.654984,1.77298) 5431.01 (389.962,415.61,-39.4749) 102 -7.21626e-06 (-1.55068e-06,-1.96718e-06,2.06257e-07) 432975 45544 0.0125435
subcontact = (1.23202,-0.876982,1.80199) 1107.94 (185.786,302.784,-35.2261) 101 -2.76298e-06 (-1.18647e-06,-2.0827e-06,2.48319e-07) 165779 53414.3 0.00668324
subcontact = (0.879018,-0.385984,1.70197) 10310.7 (693.774,923.652,-99.1019) 100 -1.23874e-05 (-2.00042e-06,-2.66325e-06,2.85749e-07) 743246 83577.2 0.0138726
subcontact = (0.673018,-0.385983,1.68898) 4917.85 (333.937,500.922,-56.5294) 99 -1.22972e-05 (-2.00404e-06,-3.00616e-06,3.39247e-07) 737830 90720.1 0.00666528
subcontact = (0.898016,-0.814981,1.77099) 3932.77 (550.622,1121.3,-139.492) 98 -3.8518e-06 (-1.29429e-06,-2.63572e-06,3.27889e-07) 231108 73865.3 0.017017
subcontact = (0.562016,-0.768981,1.74099) 5091.38 (630.787,1451.86,-186.02) 97 -4.62531e-06 (-1.3753e-06,-3.1655e-06,4.05578e-07) 277518 86877.6 0.0183461
subcontact = (0.879017,-0.654982,1.74399) 7400.47 (683.077,1164.74,-137.585) 96 -7.03158e-06 (-1.55767e-06,-2.65603e-06,3.13744e-07) 421895 77375.9 0.017541
contact = 3 1 3 2 (0.922033,-0.628969,2.48718) (0.23479,-0.324217,-0.916382)
subcontact = (1.29603,-0.654951,2.59198) 0 (0,0,0) 121 0 (0,0,0) 0 0 0.0141058
subcontact = (1.29578,-0.654899,2.59207) 0 (0,0,0) 120 0 (0,0,0) 0 0 0.00761173
subcontact = (0.879029,-0.654952,2.48499) 0 (0,0,0) 119 0 (0,0,0) 0 0 0.0204544
subcontact = (1.20303,-0.884948,2.64999) 3174.91 (-331.818,112.666,-124.905) 95 -9.2333e-05 (-2.07791e-06,-3.58621e-05,1.21531e-05) 416983 48859.8 0.007614
subcontact = (0.647028,-0.385957,2.33098) 16247 (-1473.94,5263.63,-2239.4) 94 -3.35443e-05 (7.30334e-06,-2.60817e-05,1.10976e-05) 2.01266e+06 731758 0.00807241
subcontact = (0.879029,-0.385956,2.38997) 0 (0,0,0) 93 0 (0,0,0) 0 0 0.0167049
subcontact = (0.526027,-0.768952,2.435) 0 (0,0,0) 92 1.61909e-06 (9.21053e-07,-2.4614e-05,8.94283e-06) 0 0 0.0220349
subcontact = (0.863028,-0.82595,2.54199) 6613.93 (-238.385,3891.63,-1437.44) 91 -4.51869e-05 (-5.91369e-07,-3.02244e-05,1.05398e-05) 340295 213804 0.0194358
subcontact = (0.879013,-0.38597,2.39005) 0 (0,0,0) 90 0 (0,0,0) 0 0 0.00585183
subcontact = (0.647028,-0.385942,2.33094) 23555.2 (-2136.94,7631.39,-3246.75) 89 -3.35439e-05 (7.30325e-06,-2.60816e-05,1.10976e-05) 2.01264e+06 731757 0.0117037
subcontact = (0.879024,-0.499107,2.42996) 0 (0,0,0) 88 0 (0,0,0) 0 0 0.00957261
subcontact = (1.20305,-0.884942,2.64989) 3174.83 (-331.619,112.708,-124.869) 87 -9.23347e-05 (-2.07794e-06,-3.58621e-05,1.2153e-05) 417097 48851.2 0.00761173
subcontact = (0.879002,-0.61502,2.471) 0 (0,0,0) 86 0 (0,0,0) 0 0 0.0102728
subcontact = (0.86304,-0.825934,2.54194) 17263.6 (-39.7249,5653.76,-2009.71) 85 -4.51881e-05 (-5.91425e-07,-3.02244e-05,1.05398e-05) 1.21886e+06 423650 0.0141637
subcontact = (0.526026,-0.768927,2.43499) 0 (0,0,0) 84 1.6185e-06 (9.20961e-07,-2.4614e-05,8.9428e-06) 0 0 0.0219764
contact = 4 1 4 3 (0.78801,-0.592878,3.25524) (0.521913,-0.382295,-0.762533)
subcontact = (0.513127,-0.385881,2.96396) 6620.93 (-1637.54,1550.67,-1898.24) 83 -7.47056e-06 (4.43444e-06,-4.19919e-06,5.14039e-06) 448234 199564 0.0147711
subcontact = (0.880166,-0.385877,3.2139) 3698.41 (-577.423,1738.9,-1267.01) 82 -2.02947e-06 (3.74975e-06,-7.09699e-06,6.12456e-06) 121768 73345 0.0303725
subcontact = (0.997192,-0.842856,3.52392) 0 (0,0,0) 81 6.8453e-06 (4.45254e-07,-8.88236e-06,4.75791e-06) 0 0 0.0167542
subcontact = (1.26621,-0.385873,3.47884) 0 (0,0,0) 80 3.71483e-06 (3.03613e-06,-1.01686e-05,7.1761e-06) 0 0 0.0489932
subcontact = (0.385124,-0.754866,3.06101) 10214.7 (-2557.05,4540.91,-4026.74) 79 -3.62144e-06 (2.17574e-06,-3.86377e-06,3.42627e-06) 217287 140094 0.0470101
subcontact = (0.686157,-0.801861,3.28997) 0 (0,0,0) 78 1.57834e-06 (1.29765e-06,-6.33222e-06,4.06282e-06) 0 0 0.0333918
subcontact = (0.513126,-0.385879,2.96395) 6621 (-1637.55,1550.66,-1898.24) 77 -7.47064e-06 (4.43446e-06,-4.19917e-06,5.1404e-06) 448239 199564 0.0147711
subcontact = (0.880163,-0.385871,3.21389) 3698.59 (-577.463,1738.94,-1267.06) 76 -2.02957e-06 (3.74978e-06,-7.09696e-06,6.12457e-06) 121774 73347.2 0.0303725
subcontact = (0.997187,-0.842845,3.52392) 0 (0,0,0) 75 6.84521e-06 (4.45282e-07,-8.88235e-06,4.75792e-06) 0 0 0.0167542
subcontact = (0.686155,-0.801854,3.28996) 0 (0,0,0) 74 1.57826e-06 (1.29767e-06,-6.3322e-06,4.06283e-06) 0 0 0.0333918
subcontact = (0.385124,-0.754864,3.061) 10214.8 (-2557.06,4540.89,-4026.74) 73 -3.6215e-06 (2.17576e-06,-3.86375e-06,3.42628e-06) 217290 140093 0.0470101
subcontact = (1.2662,-0.385862,3.47884) 0 (0,0,0) 72 3.7147e-06 (3.03616e-06,-1.01686e-05,7.17611e-06) 0 0 0.0489932
contact = 5 1 5 4 (0.212084,-0.569183,3.85446) (0.947323,-0.139477,-0.288316)
subcontact = (0.102191,-0.385816,3.40401) 3808.72 (-671.616,509.867,-2453.39) 71 -4.50691e-06 (0.000148674,-7.39176e-05,0.00052426) 270414 184189 0.0140848
subcontact = (0.240258,-0.385776,3.85899) 0 (0,0,0) 70 8.27814e-05 (0.000137435,-0.000157486,0.000527759) 0 0 0.0284822
subcontact = (0.315303,-0.755736,4.28401) 0 (0,0,0) 69 0.000166347 (0.000107976,-0.000232785,0.000467392) 0 0 0.0141907
subcontact = (0.382326,-0.385735,4.32397) 0 (0,0,0) 68 0.000172038 (0.000125901,-0.000242929,0.000531197) 0 0 0.0442905
subcontact = (0.0521756,-0.737813,3.41005) 3844.4 (-690.381,536.453,-2527.91) 67 -1.45013e-06 (0.000130514,-7.23732e-05,0.000463844) 87007.8 60537.8 0.0441846
subcontact = (0.181239,-0.764774,3.84703) 0 (0,0,0) 66 8.25537e-05 (0.000118317,-0.00015245,0.000462505) 0 0 0.0298931
subcontact = (0.102047,-0.385743,3.40348) 3846.28 (-678.719,512.68,-2478.09) 65 -4.55136e-06 (0.000148686,-7.38473e-05,0.000524266) 273081 186017 0.0140848
subcontact = (0.240042,-0.385607,3.85848) 0 (0,0,0) 64 8.27367e-05 (0.000137449,-0.000157416,0.000527772) 0 0 0.0284822
subcontact = (0.315038,-0.75548,4.28359) 0 (0,0,0) 63 0.000166304 (0.000107991,-0.00023272,0.000467411) 0 0 0.0141907
subcontact = (0.181042,-0.76461,3.84659) 0 (0,0,0) 62 8.25114e-05 (0.00011833,-0.000152385,0.000462517) 0 0 0.0298931
subcontact = (0.0520465,-0.737741,3.40959) 3956.11 (-710.008,556.92,-2602.3) 61 -1.49227e-06 (0.000130526,-7.23079e-05,0.00046385) 89536.1 62336.6 0.0441846
subcontact = (0.382037,-0.385468,4.32348) 0 (0,0,0) 60 0.000171993 (0.000125918,-0.000242859,0.000531217) 0 0 0.0442905
contact = 6 1 6 5 (-0.603303,-0.569197,3.85438) (0.947368,0.137747,0.288998)
subcontact = (-0.492953,-0.385743,3.40347) 3875.87 (-696.307,-452.257,2498.13) 59 -4.58638e-06 (0.000136807,6.10593e-05,-0.000477571) 275183 186905 0.0140847
subcontact = (-0.630958,-0.385607,3.85847) 0 (0,0,0) 58 2.19444e-05 (0.000125789,0.000143975,-0.000480972) 0 0 0.0284822
subcontact = (-0.706962,-0.75548,4.28358) 0 (0,0,0) 57 4.96651e-05 (9.66576e-05,0.000218736,-0.000421111) 0 0 0.0141943
subcontact = (-0.772963,-0.385468,4.32347) 0 (0,0,0) 56 4.90728e-05 (0.000114514,0.000228754,-0.000484422) 0 0 0.0442941
subcontact = (-0.442954,-0.737741,3.40958) 3877.71 (-682.998,-635.749,2541.96) 55 -1.46269e-06 (0.00011876,5.95331e-05,-0.000417685) 87761.7 61284.1 0.0441845
subcontact = (-0.571958,-0.76461,3.84659) 0 (0,0,0) 54 2.42378e-05 (0.000106799,0.000138986,-0.000416343) 0 0 0.0298967
subcontact = (-0.493086,-0.385803,3.40395) 3861.98 (-693.245,-452.171,2488.05) 53 -4.56994e-06 (0.000136796,6.11242e-05,-0.000477566) 274197 186167 0.0140847
subcontact = (-0.631105,-0.385754,3.85895) 0 (0,0,0) 52 2.19611e-05 (0.000125776,0.00014404,-0.000480961) 0 0 0.0284822
subcontact = (-0.707106,-0.755706,4.28399) 0 (0,0,0) 51 4.96809e-05 (9.66437e-05,0.000218796,-0.000421094) 0 0 0.0141943
subcontact = (-0.572088,-0.764753,3.847) 0 (0,0,0) 50 2.42534e-05 (0.000106787,0.000139046,-0.000416332) 0 0 0.0298967
subcontact = (-0.443071,-0.7378,3.41) 3836.82 (-675.994,-628.617,2515.6) 49 -1.44727e-06 (0.00011875,5.9593e-05,-0.00041768) 86836.3 60646.2 0.0441845
subcontact = (-0.773124,-0.385704,4.32394) 0 (0,0,0) 48 4.90898e-05 (0.000114499,0.000228819,-0.000484404) 0 0 0.0442941
contact = 7 1 7 6 (-1.17893,-0.592873,3.25525) (0.521913,0.382295,0.762533)
subcontact = (-0.904068,-0.385874,2.96394) 6716.56 (-1294.13,-1483.97,1629.75) 47 -7.57847e-06 (3.50449e-06,4.01855e-06,-4.41333e-06) 454708 173038 0.0147712
subcontact = (-1.27108,-0.38586,3.21392) 3696.54 (-767.378,-1868.52,1462.01) 46 -2.02845e-06 (3.1357e-06,5.56116e-06,-4.9343e-06) 121707 82098.4 0.0303725
subcontact = (-1.38807,-0.842827,3.52397) 0 (0,0,0) 45 7.11151e-06 (1.37401e-06,6.51803e-06,-4.20824e-06) 0 0 0.0167542
subcontact = (-1.65709,-0.385844,3.47891) 0 (0,0,0) 44 3.83097e-06 (2.75711e-06,7.20451e-06,-5.49907e-06) 0 0 0.0489932
subcontact = (-0.776056,-0.754857,3.06099) 10102.6 (-2700.3,-4510.85,4109.72) 43 -3.58172e-06 (2.29763e-06,3.8382e-06,-3.49688e-06) 214903 141949 0.0470101
subcontact = (-1.07706,-0.801842,3.28998) 0 (0,0,0) 42 1.73117e-06 (1.82732e-06,5.154e-06,-3.83465e-06) 0 0 0.0333918
subcontact = (-0.904067,-0.385875,2.96395) 6716.49 (-1294.13,-1483.97,1629.75) 41 -7.57839e-06 (3.50447e-06,4.01857e-06,-4.41333e-06) 454704 173038 0.0147712
subcontact = (-1.27108,-0.385865,3.21393) 3696.38 (-767.325,-1868.43,1461.93) 40 -2.02836e-06 (3.13569e-06,5.56118e-06,-4.9343e-06) 121702 82094.2 0.0303725
subcontact = (-1.38808,-0.842837,3.52397) 0 (0,0,0) 39 7.1116e-06 (1.374e-06,6.51804e-06,-4.20824e-06) 0 0 0.0167542
subcontact = (-1.07707,-0.801848,3.28998) 0 (0,0,0) 38 1.73124e-06 (1.82731e-06,5.15401e-06,-3.83465e-06) 0 0 0.0333918
subcontact = (-0.776056,-0.754859,3.06099) 10102.4 (-2700.29,-4510.87,4109.72) 37 -3.58165e-06 (2.29762e-06,3.83821e-06,-3.49688e-06) 214899 141949 0.0470101
subcontact = (-1.65709,-0.385853,3.47891) 0 (0,0,0) 36 3.83106e-06 (2.7571e-06,7.20452e-06,-5.49906e-06) 0 0 0.0489932
contact = 8 1 8 7 (-1.31312,-0.628974,2.48719) (0.234627,0.324255,0.916411)
subcontact = (-1.27001,-0.385978,2.39006) 0 (0,0,0) 35 0 (0,0,0) 0 0 0.00585178
subcontact = (-1.03803,-0.385949,2.33094) 23736.8 (-349.446,-5027.46,1868.34) 34 -3.38028e-05 (1.19433e-06,1.71826e-05,-6.38553e-06) 2.02817e+06 459242 0.0117036
subcontact = (-1.27002,-0.499117,2.42998) 0 (0,0,0) 33 0 (0,0,0) 0 0 0.00957686
subcontact = (-1.59403,-0.884939,2.64996) 337.288 (-32.6661,-91.582,40.768) 32 -2.06168e-05 (4.79214e-06,1.34351e-05,-5.98069e-06) 1.23701e+06 386681 0.000272664
subcontact = (-1.27001,-0.615177,2.47102) 0 (0,0,0) 31 0 (0,0,0) 0 0 0.0102729
subcontact = (-0.917024,-0.768932,2.43499) 1561.97 (-126.619,-730.824,291.007) 30 -1.1846e-06 (3.68614e-06,1.77071e-05,-7.2091e-06) 71074.4 36255 0.0219765
subcontact = (-1.25403,-0.825936,2.54198) 4285.53 (-691.215,-2552.92,1080.27) 29 -1.09083e-05 (4.22255e-06,1.55955e-05,-6.59926e-06) 654495 436319 0.00654784
subcontact = (-1.68703,-0.654949,2.59198) 0 (0,0,0) 28 0 (0,0,0) 0 0 0.0141058
subcontact = (-1.59403,-0.884946,2.64999) 9418.28 (-912.221,-2557.37,1138.43) 27 -2.06161e-05 (4.79233e-06,1.34351e-05,-5.98072e-06) 1.23697e+06 386682 0.007614
subcontact = (-1.27003,-0.385954,2.38997) 0 (0,0,0) 26 0 (0,0,0) 0 0 0.0167049
subcontact = (-1.03803,-0.385955,2.33098) 16372 (-241.067,-3467.62,1288.67) 25 -3.38025e-05 (1.19452e-06,1.71826e-05,-6.38556e-06) 2.02815e+06 459240 0.00807241
subcontact = (-1.25403,-0.825948,2.54199) 12720.1 (-2051.81,-7577.76,3206.57) 24 -1.09078e-05 (4.22274e-06,1.55954e-05,-6.59929e-06) 654466 436320 0.0194358
subcontact = (-0.917027,-0.76895,2.435) 1565.68 (-126.922,-732.452,291.66) 23 -1.18424e-06 (3.68633e-06,1.77071e-05,-7.20913e-06) 71054.6 36239.5 0.0220349
subcontact = (-1.27003,-0.65495,2.48499) 0 (0,0,0) 22 0 (0,0,0) 0 0 0.0204544
contact = 9 1 9 0 (-0.753109,-0.687714,0.997993) (0,0,-1)
subcontact = (-1.623,-0.865001,0.997992) 6224.09 (-770.39,-302.004,0) 21 -8.36571e-06 (2.48513e-06,9.74206e-07,0) 501943 66731.5 0.0124
subcontact = (-1.701,-0.655001,0.997986) 19812.2 (-1904.73,-737.16,0) 20 -1.42482e-05 (3.28756e-06,1.27234e-06,0) 854894 88129.6 0.023175
subcontact = (-1.064,-0.385999,0.99799) 8051.32 (-1407.59,378.972,0) 19 -1.02853e-05 (4.31554e-06,-1.1619e-06,0) 617117 111730 0.0130467
subcontact = (-1.27,-0.386,0.997987) 21969.9 (-2926.39,254.064,0) 18 -1.34995e-05 (4.31551e-06,-3.74666e-07,0) 809972 108294 0.0271243
subcontact = (-1.27,-0.655,0.997992) 14937.2 (-2719.78,310.01,0) 17 -7.52328e-06 (3.28762e-06,-3.74735e-07,0) 451397 82722.7 0.0330912
subcontact = (-0.956003,-0.765998,0.998) 334.925 (-30.8665,-94.2117,0) 16 -1.57852e-07 (2.86351e-06,-1.57472e-06,0) 9471.11 2803.49 0.0353628
subcontact = (-1.291,-0.805,0.997995) 8516.44 (-2131.75,231.298,0) 15 -4.51846e-06 (2.71444e-06,-2.94521e-07,0) 271108 68259.3 0.0314135
contact = 10 1 9 8 (-1.3103,-0.648983,1.74599) (0.0641749,0.152498,0.986218)
subcontact = (-1.62302,-0.876982,1.80199) 1068.41 (165.515,-287.892,33.7461) 14 -2.66439e-06 (-9.90625e-07,1.72306e-06,-2.01974e-07) 159863 49944.2 0.00668327
subcontact = (-1.70302,-0.654984,1.77298) 5456.15 (476.221,-483.93,43.8412) 13 -7.24968e-06 (-1.51863e-06,1.54322e-06,-1.39806e-07) 434981 54240.8 0.0125434
subcontact = (-1.06402,-0.385982,1.68898) 4975.43 (362.489,-504.768,54.4641) 12 -1.24411e-05 (-2.17537e-06,3.02922e-06,-3.26851e-07) 746466 93592.4 0.00666531
subcontact = (-1.27002,-0.385983,1.70197) 10442.1 (752.729,-880.568,87.1802) 11 -1.25452e-05 (-2.17041e-06,2.53902e-06,-2.51374e-07) 752714 83742.4 0.0138726
subcontact = (-1.27002,-0.654982,1.74399) 7404.98 (670.292,-1114.2,128.671) 10 -7.03591e-06 (-1.52852e-06,2.54081e-06,-2.9342e-07) 422155 74490.7 0.0175409
subcontact = (-0.953016,-0.768979,1.741) 5001.1 (579.68,-1504.54,194.925) 9 -4.5433e-06 (-1.26388e-06,3.28036e-06,-4.24996e-07) 272598 88525.3 0.0183461
subcontact = (-1.28902,-0.814981,1.77099) 3845.25 (487.765,-1068.96,133.553) 8 -3.76611e-06 (-1.14654e-06,2.51271e-06,-3.1393e-07) 225966 69492.8 0.0170169
subcontact = (-1.70302,-0.654984,1.77299) 5456.12 (476.22,-483.931,43.8415) 7 -7.24964e-06 (-1.51863e-06,1.54322e-06,-1.39807e-07) 434978 54240.8 0.0125434
subcontact = (-1.62301,-0.876983,1.80199) 1068.39 (165.515,-287.893,33.7463) 6 -2.66435e-06 (-9.9062e-07,1.72306e-06,-2.01974e-07) 159861 49944.2 0.00668327
subcontact = (-1.27002,-0.385984,1.70199) 10442 (752.727,-880.57,87.1805) 5 -1.25452e-05 (-2.1704e-06,2.53902e-06,-2.51375e-07) 752711 83742.4 0.0138726
subcontact = (-1.06402,-0.385983,1.68899) 4975.41 (362.488,-504.769,54.4642) 4 -1.24411e-05 (-2.17537e-06,3.02923e-06,-3.26852e-07) 746463 93592.4 0.00666531
subcontact = (-1.28901,-0.814983,1.771) 3845.2 (487.763,-1068.96,133.554) 3 -3.76606e-06 (-1.14654e-06,2.51271e-06,-3.13931e-07) 225963 69492.9 0.0170169
subcontact = (-0.953014,-0.768982,1.741) 5001.05 (579.678,-1504.54,194.926) 2 -4.54325e-06 (-1.26387e-06,3.28036e-06,-4.24997e-07) 272595 88525.3 0.0183461
subcontact = (-1.27001,-0.654983,1.74399) 7404.93 (670.289,-1114.2,128.672) 1 -7.03587e-06 (-1.52852e-06,2.54081e-06,-2.93421e-07) 422152 74490.7 0.0175409
3dec>log off
**********************************************
* Logging ended at Thu Feb 27 22:56:37 2025
**********************************************
**********************************************
* Logging started at Fri Mar 7 15:44:28 2025
* By 3dec Version 7.00 Release 161
* 
* 
* Job Title: 
**********************************************
3dec>log-file 'init_state.txt'
**********************************************
* Logging ended at Fri Mar 7 15:44:28 2025
**********************************************
