;__create Supports__
block create group "Supports" poly face 1.492,-0.186,0.998 1.492,-1.274,0.998 -1.883,-1.274,0.998 -1.883,-0.186,0.998 face -1.883,-1.274,0.499 -1.883,-1.274,0.998 1.492,-1.274,0.998 1.492,-1.274,0.499 face 1.492,-1.274,0.499 1.492,-1.274,0.998 1.492,-0.186,0.998 1.492,-0.186,0.499 face 1.492,-0.186,0.499 1.492,-0.186,0.998 -1.883,-0.186,0.998 -1.883,-0.186,0.499 face -1.883,-0.186,0.499 -1.883,-0.186,0.998 -1.883,-1.274,0.998 -1.883,-1.274,0.499 face -1.883,-1.274,0.499 1.492,-1.274,0.499 1.492,-0.186,0.499 -1.883,-0.186,0.499  r=0
;__create Cutout__
block create group "Cutout" poly face 1.312,-0.655,1.773 1.310,-0.655,0.998 1.232,-0.865,0.998 1.232,-0.877,1.802 face 1.310,-0.655,0.998 1.312,-0.655,1.773 0.879,-0.655,1.744 0.879,-0.655,0.998 face 0.879,-0.655,0.998 0.879,-0.655,1.744 0.879,-0.386,1.702 0.879,-0.386,0.998 face 0.673,-0.386,0.998 0.879,-0.386,0.998 0.879,-0.386,1.702 0.673,-0.386,1.689 face 0.565,-0.766,0.998 0.673,-0.386,0.998 0.673,-0.386,1.689 0.562,-0.769,1.741 face 1.232,-0.877,1.802 1.232,-0.865,0.998 0.900,-0.805,0.998 0.898,-0.815,1.771 face 0.898,-0.815,1.771 0.900,-0.805,0.998 0.565,-0.766,0.998 0.562,-0.769,1.741 face 0.900,-0.805,0.998 1.232,-0.865,0.998 1.310,-0.655,0.998 0.879,-0.655,0.998 face 0.900,-0.805,0.998 0.879,-0.655,0.998 0.565,-0.766,0.998 face 0.879,-0.655,0.998 0.879,-0.386,0.998 0.673,-0.386,0.998 0.565,-0.766,0.998 face 1.312,-0.655,1.773 1.232,-0.877,1.802 0.898,-0.815,1.771 0.879,-0.655,1.744 face 0.879,-0.655,1.744 0.898,-0.815,1.771 0.562,-0.769,1.741 face 0.673,-0.386,1.689 0.879,-0.386,1.702 0.879,-0.655,1.744 0.562,-0.769,1.741  r=1
;__create Cutout__
block create group "Cutout" poly face 1.296,-0.655,2.592 1.312,-0.655,1.773 1.232,-0.877,1.802 1.203,-0.885,2.650 face 1.312,-0.655,1.773 1.296,-0.655,2.592 0.879,-0.655,2.485 0.879,-0.655,1.744 face 0.879,-0.655,1.744 0.879,-0.655,2.485 0.879,-0.386,2.390 0.879,-0.386,1.702 face 0.673,-0.386,1.689 0.879,-0.386,1.702 0.879,-0.386,2.390 0.647,-0.386,2.331 face 1.203,-0.885,2.650 1.232,-0.877,1.802 0.898,-0.815,1.771 0.863,-0.826,2.542 face 0.562,-0.769,1.741 0.673,-0.386,1.689 0.647,-0.386,2.331 0.526,-0.769,2.435 face 0.863,-0.826,2.542 0.898,-0.815,1.771 0.562,-0.769,1.741 0.526,-0.769,2.435 face 0.879,-0.655,2.485 1.296,-0.655,2.592 1.203,-0.885,2.650 0.863,-0.826,2.542 face 0.879,-0.655,2.485 0.863,-0.826,2.542 0.526,-0.769,2.435 face 0.647,-0.386,2.331 0.879,-0.386,2.390 0.879,-0.655,2.485 0.526,-0.769,2.435 face 0.898,-0.815,1.771 1.232,-0.877,1.802 1.312,-0.655,1.773 0.879,-0.655,1.744 face 0.898,-0.815,1.771 0.879,-0.655,1.744 0.562,-0.769,1.741 face 0.879,-0.655,1.744 0.879,-0.386,1.702 0.673,-0.386,1.689 0.562,-0.769,1.741  r=2
;__create Blocks__
block create group "Blocks" poly face 0.913,-0.386,3.120 1.301,-0.386,3.363 1.266,-0.386,3.479 0.880,-0.386,3.214 face 0.385,-0.755,3.061 0.513,-0.386,2.964 0.880,-0.386,3.214 1.266,-0.386,3.479 face 1.038,-0.852,3.420 0.997,-0.843,3.524 1.266,-0.386,3.479 1.301,-0.386,3.363 face 0.940,-0.386,3.023 1.329,-0.386,3.246 1.301,-0.386,3.363 0.913,-0.386,3.120 face 0.513,-0.386,2.964 0.541,-0.386,2.887 0.913,-0.386,3.120 0.880,-0.386,3.214 face 1.074,-0.860,3.313 1.038,-0.852,3.420 1.301,-0.386,3.363 1.329,-0.386,3.246 face 0.962,-0.386,2.925 1.352,-0.386,3.127 1.329,-0.386,3.246 0.940,-0.386,3.023 face 0.541,-0.386,2.887 0.564,-0.386,2.810 0.940,-0.386,3.023 0.913,-0.386,3.120 face 1.105,-0.867,3.205 1.074,-0.860,3.313 1.329,-0.386,3.246 1.352,-0.386,3.127 face 0.982,-0.386,2.827 1.369,-0.386,3.007 1.352,-0.386,3.127 0.962,-0.386,2.925 face 0.564,-0.386,2.810 0.584,-0.386,2.731 0.962,-0.386,2.925 0.940,-0.386,3.023 face 1.132,-0.873,3.095 1.105,-0.867,3.205 1.352,-0.386,3.127 1.369,-0.386,3.007 face 0.998,-0.386,2.728 1.383,-0.386,2.887 1.369,-0.386,3.007 0.982,-0.386,2.827 face 0.584,-0.386,2.731 0.601,-0.386,2.652 0.982,-0.386,2.827 0.962,-0.386,2.925 face 1.155,-0.878,2.985 1.132,-0.873,3.095 1.369,-0.386,3.007 1.383,-0.386,2.887 face 1.010,-0.386,2.628 1.393,-0.386,2.767 1.383,-0.386,2.887 0.998,-0.386,2.728 face 0.601,-0.386,2.652 0.616,-0.386,2.572 0.998,-0.386,2.728 0.982,-0.386,2.827 face 1.174,-0.881,2.874 1.155,-0.878,2.985 1.383,-0.386,2.887 1.393,-0.386,2.767 face 1.020,-0.386,2.528 1.400,-0.386,2.646 1.393,-0.386,2.767 1.010,-0.386,2.628 face 0.616,-0.386,2.572 0.628,-0.386,2.492 1.010,-0.386,2.628 0.998,-0.386,2.728 face 1.190,-0.884,2.762 1.174,-0.881,2.874 1.393,-0.386,2.767 1.400,-0.386,2.646 face 1.027,-0.386,2.428 1.404,-0.386,2.525 1.400,-0.386,2.646 1.020,-0.386,2.528 face 0.628,-0.386,2.492 0.638,-0.386,2.411 1.020,-0.386,2.528 1.010,-0.386,2.628 face 1.203,-0.885,2.650 1.190,-0.884,2.762 1.400,-0.386,2.646 1.404,-0.386,2.525 face 0.647,-0.386,2.331 0.526,-0.769,2.435 1.404,-0.386,2.525 1.027,-0.386,2.428 face 0.638,-0.386,2.411 0.647,-0.386,2.331 1.027,-0.386,2.428 1.020,-0.386,2.528 face 0.686,-0.802,3.290 0.385,-0.755,3.061 1.266,-0.386,3.479 0.997,-0.843,3.524 face 0.721,-0.807,3.201 0.686,-0.802,3.290 0.997,-0.843,3.524 1.038,-0.852,3.420 face 0.751,-0.811,3.109 0.721,-0.807,3.201 1.038,-0.852,3.420 1.074,-0.860,3.313 face 0.777,-0.815,3.016 0.751,-0.811,3.109 1.074,-0.860,3.313 1.105,-0.867,3.205 face 0.800,-0.819,2.923 0.777,-0.815,3.016 1.105,-0.867,3.205 1.132,-0.873,3.095 face 0.820,-0.821,2.828 0.800,-0.819,2.923 1.132,-0.873,3.095 1.155,-0.878,2.985 face 0.837,-0.824,2.733 0.820,-0.821,2.828 1.155,-0.878,2.985 1.174,-0.881,2.874 face 0.851,-0.825,2.638 0.837,-0.824,2.733 1.174,-0.881,2.874 1.190,-0.884,2.762 face 0.863,-0.826,2.542 0.851,-0.825,2.638 1.190,-0.884,2.762 1.203,-0.885,2.650 face 0.526,-0.769,2.435 0.863,-0.826,2.542 1.203,-0.885,2.650 1.404,-0.386,2.525 face 0.415,-0.758,2.987 0.385,-0.755,3.061 0.686,-0.802,3.290 0.721,-0.807,3.201 face 0.440,-0.760,2.910 0.415,-0.758,2.987 0.721,-0.807,3.201 0.751,-0.811,3.109 face 0.461,-0.762,2.832 0.440,-0.760,2.910 0.751,-0.811,3.109 0.777,-0.815,3.016 face 0.478,-0.764,2.754 0.461,-0.762,2.832 0.777,-0.815,3.016 0.800,-0.819,2.923 face 0.493,-0.766,2.674 0.478,-0.764,2.754 0.800,-0.819,2.923 0.820,-0.821,2.828 face 0.506,-0.767,2.595 0.493,-0.766,2.674 0.820,-0.821,2.828 0.837,-0.824,2.733 face 0.517,-0.768,2.515 0.506,-0.767,2.595 0.837,-0.824,2.733 0.851,-0.825,2.638 face 0.526,-0.769,2.435 0.517,-0.768,2.515 0.851,-0.825,2.638 0.863,-0.826,2.542 face 0.541,-0.386,2.887 0.513,-0.386,2.964 0.385,-0.755,3.061 0.415,-0.758,2.987 face 0.564,-0.386,2.810 0.541,-0.386,2.887 0.415,-0.758,2.987 0.440,-0.760,2.910 face 0.584,-0.386,2.731 0.564,-0.386,2.810 0.440,-0.760,2.910 0.461,-0.762,2.832 face 0.601,-0.386,2.652 0.584,-0.386,2.731 0.461,-0.762,2.832 0.478,-0.764,2.754 face 0.616,-0.386,2.572 0.601,-0.386,2.652 0.478,-0.764,2.754 0.493,-0.766,2.674 face 0.628,-0.386,2.492 0.616,-0.386,2.572 0.493,-0.766,2.674 0.506,-0.767,2.595 face 0.638,-0.386,2.411 0.628,-0.386,2.492 0.506,-0.767,2.595 0.517,-0.768,2.515 face 0.647,-0.386,2.331 0.638,-0.386,2.411 0.517,-0.768,2.515 0.526,-0.769,2.435  r=3
;__create Blocks__
block create group "Blocks" poly face 0.349,-0.386,3.814 0.534,-0.386,4.275 0.382,-0.386,4.324 0.240,-0.386,3.859 face 0.052,-0.738,3.410 0.102,-0.386,3.404 0.240,-0.386,3.859 0.382,-0.386,4.324 face 0.433,-0.763,4.226 0.315,-0.756,4.284 0.382,-0.386,4.324 0.534,-0.386,4.275 face 0.454,-0.386,3.761 0.679,-0.386,4.208 0.534,-0.386,4.275 0.349,-0.386,3.814 face 0.102,-0.386,3.404 0.173,-0.386,3.373 0.349,-0.386,3.814 0.240,-0.386,3.859 face 0.542,-0.773,4.153 0.433,-0.763,4.226 0.534,-0.386,4.275 0.679,-0.386,4.208 face 0.551,-0.386,3.695 0.815,-0.386,4.123 0.679,-0.386,4.208 0.454,-0.386,3.761 face 0.173,-0.386,3.373 0.240,-0.386,3.333 0.454,-0.386,3.761 0.349,-0.386,3.814 face 0.642,-0.783,4.068 0.542,-0.773,4.153 0.679,-0.386,4.208 0.815,-0.386,4.123 face 0.638,-0.386,3.615 0.937,-0.386,4.020 0.815,-0.386,4.123 0.551,-0.386,3.695 face 0.240,-0.386,3.333 0.301,-0.386,3.286 0.551,-0.386,3.695 0.454,-0.386,3.761 face 0.731,-0.795,3.973 0.642,-0.783,4.068 0.815,-0.386,4.123 0.937,-0.386,4.020 face 0.713,-0.386,3.525 1.044,-0.386,3.901 0.937,-0.386,4.020 0.638,-0.386,3.615 face 0.301,-0.386,3.286 0.356,-0.386,3.230 0.638,-0.386,3.615 0.551,-0.386,3.695 face 0.811,-0.807,3.869 0.731,-0.795,3.973 0.937,-0.386,4.020 1.044,-0.386,3.901 face 0.777,-0.386,3.426 1.134,-0.386,3.769 1.044,-0.386,3.901 0.713,-0.386,3.525 face 0.356,-0.386,3.230 0.404,-0.386,3.169 0.713,-0.386,3.525 0.638,-0.386,3.615 face 0.881,-0.819,3.759 0.811,-0.807,3.869 1.044,-0.386,3.901 1.134,-0.386,3.769 face 0.834,-0.386,3.323 1.207,-0.386,3.628 1.134,-0.386,3.769 0.777,-0.386,3.426 face 0.404,-0.386,3.169 0.446,-0.386,3.104 0.777,-0.386,3.426 0.713,-0.386,3.525 face 0.943,-0.831,3.644 0.881,-0.819,3.759 1.134,-0.386,3.769 1.207,-0.386,3.628 face 0.880,-0.386,3.214 1.266,-0.386,3.479 1.207,-0.386,3.628 0.834,-0.386,3.323 face 0.446,-0.386,3.104 0.482,-0.386,3.035 0.834,-0.386,3.323 0.777,-0.386,3.426 face 0.997,-0.843,3.524 0.943,-0.831,3.644 1.207,-0.386,3.628 1.266,-0.386,3.479 face 0.513,-0.386,2.964 0.385,-0.755,3.061 1.266,-0.386,3.479 0.880,-0.386,3.214 face 0.482,-0.386,3.035 0.513,-0.386,2.964 0.880,-0.386,3.214 0.834,-0.386,3.323 face 0.181,-0.765,3.847 0.052,-0.738,3.410 0.382,-0.386,4.324 0.315,-0.756,4.284 face 0.268,-0.768,3.805 0.181,-0.765,3.847 0.315,-0.756,4.284 0.433,-0.763,4.226 face 0.349,-0.771,3.752 0.268,-0.768,3.805 0.433,-0.763,4.226 0.542,-0.773,4.153 face 0.423,-0.776,3.691 0.349,-0.771,3.752 0.542,-0.773,4.153 0.642,-0.783,4.068 face 0.489,-0.781,3.621 0.423,-0.776,3.691 0.642,-0.783,4.068 0.731,-0.795,3.973 face 0.548,-0.786,3.544 0.489,-0.781,3.621 0.731,-0.795,3.973 0.811,-0.807,3.869 face 0.600,-0.791,3.463 0.548,-0.786,3.544 0.811,-0.807,3.869 0.881,-0.819,3.759 face 0.645,-0.796,3.378 0.600,-0.791,3.463 0.881,-0.819,3.759 0.943,-0.831,3.644 face 0.686,-0.802,3.290 0.645,-0.796,3.378 0.943,-0.831,3.644 0.997,-0.843,3.524 face 0.385,-0.755,3.061 0.686,-0.802,3.290 0.997,-0.843,3.524 1.266,-0.386,3.479 face 0.108,-0.739,3.384 0.052,-0.738,3.410 0.181,-0.765,3.847 0.268,-0.768,3.805 face 0.162,-0.742,3.352 0.108,-0.739,3.384 0.268,-0.768,3.805 0.349,-0.771,3.752 face 0.210,-0.745,3.314 0.162,-0.742,3.352 0.349,-0.771,3.752 0.423,-0.776,3.691 face 0.255,-0.747,3.271 0.210,-0.745,3.314 0.423,-0.776,3.691 0.489,-0.781,3.621 face 0.294,-0.749,3.223 0.255,-0.747,3.271 0.489,-0.781,3.621 0.548,-0.786,3.544 face 0.328,-0.751,3.171 0.294,-0.749,3.223 0.548,-0.786,3.544 0.600,-0.791,3.463 face 0.359,-0.753,3.117 0.328,-0.751,3.171 0.600,-0.791,3.463 0.645,-0.796,3.378 face 0.385,-0.755,3.061 0.359,-0.753,3.117 0.645,-0.796,3.378 0.686,-0.802,3.290 face 0.173,-0.386,3.373 0.102,-0.386,3.404 0.052,-0.738,3.410 0.108,-0.739,3.384 face 0.240,-0.386,3.333 0.173,-0.386,3.373 0.108,-0.739,3.384 0.162,-0.742,3.352 face 0.301,-0.386,3.286 0.240,-0.386,3.333 0.162,-0.742,3.352 0.210,-0.745,3.314 face 0.356,-0.386,3.230 0.301,-0.386,3.286 0.210,-0.745,3.314 0.255,-0.747,3.271 face 0.404,-0.386,3.169 0.356,-0.386,3.230 0.255,-0.747,3.271 0.294,-0.749,3.223 face 0.446,-0.386,3.104 0.404,-0.386,3.169 0.294,-0.749,3.223 0.328,-0.751,3.171 face 0.482,-0.386,3.035 0.446,-0.386,3.104 0.328,-0.751,3.171 0.359,-0.753,3.117 face 0.513,-0.386,2.964 0.482,-0.386,3.035 0.359,-0.753,3.117 0.385,-0.755,3.061  r=4
;__create Blocks__
block create group "Blocks" poly face -0.525,-0.386,3.888 -0.631,-0.386,4.357 -0.773,-0.386,4.324 -0.631,-0.386,3.859 face -0.443,-0.738,3.410 -0.493,-0.386,3.404 -0.631,-0.386,3.859 -0.773,-0.386,4.324 face -0.583,-0.750,4.328 -0.707,-0.756,4.284 -0.773,-0.386,4.324 -0.631,-0.386,4.357 face -0.416,-0.386,3.908 -0.487,-0.386,4.380 -0.631,-0.386,4.357 -0.525,-0.386,3.888 face -0.493,-0.386,3.404 -0.421,-0.386,3.427 -0.525,-0.386,3.888 -0.631,-0.386,3.859 face -0.456,-0.746,4.359 -0.583,-0.750,4.328 -0.631,-0.386,4.357 -0.487,-0.386,4.380 face -0.306,-0.386,3.919 -0.341,-0.386,4.393 -0.487,-0.386,4.380 -0.416,-0.386,3.908 face -0.421,-0.386,3.427 -0.347,-0.386,3.443 -0.416,-0.386,3.908 -0.525,-0.386,3.888 face -0.326,-0.743,4.378 -0.456,-0.746,4.359 -0.487,-0.386,4.380 -0.341,-0.386,4.393 face -0.196,-0.386,3.921 -0.196,-0.386,4.397 -0.341,-0.386,4.393 -0.306,-0.386,3.919 face -0.347,-0.386,3.443 -0.271,-0.386,3.453 -0.306,-0.386,3.919 -0.416,-0.386,3.908 face -0.196,-0.743,4.384 -0.326,-0.743,4.378 -0.341,-0.386,4.393 -0.196,-0.386,4.397 face -0.085,-0.386,3.919 -0.050,-0.386,4.393 -0.196,-0.386,4.397 -0.196,-0.386,3.921 face -0.271,-0.386,3.453 -0.196,-0.386,3.456 -0.196,-0.386,3.921 -0.306,-0.386,3.919 face -0.065,-0.743,4.378 -0.196,-0.743,4.384 -0.196,-0.386,4.397 -0.050,-0.386,4.393 face 0.025,-0.386,3.908 0.096,-0.386,4.380 -0.050,-0.386,4.393 -0.085,-0.386,3.919 face -0.196,-0.386,3.456 -0.120,-0.386,3.453 -0.085,-0.386,3.919 -0.196,-0.386,3.921 face 0.065,-0.746,4.359 -0.065,-0.743,4.378 -0.050,-0.386,4.393 0.096,-0.386,4.380 face 0.134,-0.386,3.888 0.240,-0.386,4.357 0.096,-0.386,4.380 0.025,-0.386,3.908 face -0.120,-0.386,3.453 -0.044,-0.386,3.443 0.025,-0.386,3.908 -0.085,-0.386,3.919 face 0.192,-0.750,4.328 0.065,-0.746,4.359 0.096,-0.386,4.380 0.240,-0.386,4.357 face 0.240,-0.386,3.859 0.382,-0.386,4.324 0.240,-0.386,4.357 0.134,-0.386,3.888 face -0.044,-0.386,3.443 0.030,-0.386,3.427 0.134,-0.386,3.888 0.025,-0.386,3.908 face 0.315,-0.756,4.284 0.192,-0.750,4.328 0.240,-0.386,4.357 0.382,-0.386,4.324 face 0.102,-0.386,3.404 0.052,-0.738,3.410 0.382,-0.386,4.324 0.240,-0.386,3.859 face 0.030,-0.386,3.427 0.102,-0.386,3.404 0.240,-0.386,3.859 0.134,-0.386,3.888 face -0.572,-0.765,3.847 -0.443,-0.738,3.410 -0.773,-0.386,4.324 -0.707,-0.756,4.284 face -0.481,-0.762,3.879 -0.572,-0.765,3.847 -0.707,-0.756,4.284 -0.583,-0.750,4.328 face -0.388,-0.761,3.902 -0.481,-0.762,3.879 -0.583,-0.750,4.328 -0.456,-0.746,4.359 face -0.292,-0.760,3.915 -0.388,-0.761,3.902 -0.456,-0.746,4.359 -0.326,-0.743,4.378 face -0.196,-0.759,3.920 -0.292,-0.760,3.915 -0.326,-0.743,4.378 -0.196,-0.743,4.384 face -0.099,-0.760,3.915 -0.196,-0.759,3.920 -0.196,-0.743,4.384 -0.065,-0.743,4.378 face -0.004,-0.761,3.902 -0.099,-0.760,3.915 -0.065,-0.743,4.378 0.065,-0.746,4.359 face 0.090,-0.762,3.879 -0.004,-0.761,3.902 0.065,-0.746,4.359 0.192,-0.750,4.328 face 0.181,-0.765,3.847 0.090,-0.762,3.879 0.192,-0.750,4.328 0.315,-0.756,4.284 face 0.052,-0.738,3.410 0.181,-0.765,3.847 0.315,-0.756,4.284 0.382,-0.386,4.324 face -0.383,-0.736,3.430 -0.443,-0.738,3.410 -0.572,-0.765,3.847 -0.481,-0.762,3.879 face -0.322,-0.734,3.444 -0.383,-0.736,3.430 -0.481,-0.762,3.879 -0.388,-0.761,3.902 face -0.259,-0.734,3.453 -0.322,-0.734,3.444 -0.388,-0.761,3.902 -0.292,-0.760,3.915 face -0.196,-0.734,3.456 -0.259,-0.734,3.453 -0.292,-0.760,3.915 -0.196,-0.759,3.920 face -0.132,-0.734,3.453 -0.196,-0.734,3.456 -0.196,-0.759,3.920 -0.099,-0.760,3.915 face -0.070,-0.734,3.444 -0.132,-0.734,3.453 -0.099,-0.760,3.915 -0.004,-0.761,3.902 face -0.008,-0.736,3.430 -0.070,-0.734,3.444 -0.004,-0.761,3.902 0.090,-0.762,3.879 face 0.052,-0.738,3.410 -0.008,-0.736,3.430 0.090,-0.762,3.879 0.181,-0.765,3.847 face -0.421,-0.386,3.427 -0.493,-0.386,3.404 -0.443,-0.738,3.410 -0.383,-0.736,3.430 face -0.347,-0.386,3.443 -0.421,-0.386,3.427 -0.383,-0.736,3.430 -0.322,-0.734,3.444 face -0.271,-0.386,3.453 -0.347,-0.386,3.443 -0.322,-0.734,3.444 -0.259,-0.734,3.453 face -0.196,-0.386,3.456 -0.271,-0.386,3.453 -0.259,-0.734,3.453 -0.196,-0.734,3.456 face -0.120,-0.386,3.453 -0.196,-0.386,3.456 -0.196,-0.734,3.456 -0.132,-0.734,3.453 face -0.044,-0.386,3.443 -0.120,-0.386,3.453 -0.132,-0.734,3.453 -0.070,-0.734,3.444 face 0.030,-0.386,3.427 -0.044,-0.386,3.443 -0.070,-0.734,3.444 -0.008,-0.736,3.430 face 0.102,-0.386,3.404 0.030,-0.386,3.427 -0.008,-0.736,3.430 0.052,-0.738,3.410  r=5
;__create Blocks__
block create group "Blocks" poly face -1.225,-0.386,3.323 -1.598,-0.386,3.628 -1.657,-0.386,3.479 -1.271,-0.386,3.214 face -0.776,-0.755,3.061 -0.904,-0.386,2.964 -1.271,-0.386,3.214 -1.657,-0.386,3.479 face -1.334,-0.831,3.644 -1.388,-0.843,3.524 -1.657,-0.386,3.479 -1.598,-0.386,3.628 face -1.168,-0.386,3.426 -1.525,-0.386,3.769 -1.598,-0.386,3.628 -1.225,-0.386,3.323 face -0.904,-0.386,2.964 -0.873,-0.386,3.035 -1.225,-0.386,3.323 -1.271,-0.386,3.214 face -1.273,-0.819,3.759 -1.334,-0.831,3.644 -1.598,-0.386,3.628 -1.525,-0.386,3.769 face -1.104,-0.386,3.525 -1.435,-0.386,3.901 -1.525,-0.386,3.769 -1.168,-0.386,3.426 face -0.873,-0.386,3.035 -0.837,-0.386,3.104 -1.168,-0.386,3.426 -1.225,-0.386,3.323 face -1.202,-0.807,3.869 -1.273,-0.819,3.759 -1.525,-0.386,3.769 -1.435,-0.386,3.901 face -1.029,-0.386,3.615 -1.328,-0.386,4.020 -1.435,-0.386,3.901 -1.104,-0.386,3.525 face -0.837,-0.386,3.104 -0.795,-0.386,3.169 -1.104,-0.386,3.525 -1.168,-0.386,3.426 face -1.122,-0.795,3.973 -1.202,-0.807,3.869 -1.435,-0.386,3.901 -1.328,-0.386,4.020 face -0.942,-0.386,3.695 -1.206,-0.386,4.123 -1.328,-0.386,4.020 -1.029,-0.386,3.615 face -0.795,-0.386,3.169 -0.747,-0.386,3.230 -1.029,-0.386,3.615 -1.104,-0.386,3.525 face -1.033,-0.783,4.068 -1.122,-0.795,3.973 -1.328,-0.386,4.020 -1.206,-0.386,4.123 face -0.845,-0.386,3.761 -1.070,-0.386,4.208 -1.206,-0.386,4.123 -0.942,-0.386,3.695 face -0.747,-0.386,3.230 -0.692,-0.386,3.286 -0.942,-0.386,3.695 -1.029,-0.386,3.615 face -0.933,-0.773,4.153 -1.033,-0.783,4.068 -1.206,-0.386,4.123 -1.070,-0.386,4.208 face -0.740,-0.386,3.814 -0.925,-0.386,4.275 -1.070,-0.386,4.208 -0.845,-0.386,3.761 face -0.692,-0.386,3.286 -0.631,-0.386,3.333 -0.845,-0.386,3.761 -0.942,-0.386,3.695 face -0.824,-0.763,4.226 -0.933,-0.773,4.153 -1.070,-0.386,4.208 -0.925,-0.386,4.275 face -0.631,-0.386,3.859 -0.773,-0.386,4.324 -0.925,-0.386,4.275 -0.740,-0.386,3.814 face -0.631,-0.386,3.333 -0.564,-0.386,3.373 -0.740,-0.386,3.814 -0.845,-0.386,3.761 face -0.707,-0.756,4.284 -0.824,-0.763,4.226 -0.925,-0.386,4.275 -0.773,-0.386,4.324 face -0.493,-0.386,3.404 -0.443,-0.738,3.410 -0.773,-0.386,4.324 -0.631,-0.386,3.859 face -0.564,-0.386,3.373 -0.493,-0.386,3.404 -0.631,-0.386,3.859 -0.740,-0.386,3.814 face -1.077,-0.802,3.290 -0.776,-0.755,3.061 -1.657,-0.386,3.479 -1.388,-0.843,3.524 face -1.037,-0.796,3.378 -1.077,-0.802,3.290 -1.388,-0.843,3.524 -1.334,-0.831,3.644 face -0.991,-0.791,3.463 -1.037,-0.796,3.378 -1.334,-0.831,3.644 -1.273,-0.819,3.759 face -0.939,-0.786,3.544 -0.991,-0.791,3.463 -1.273,-0.819,3.759 -1.202,-0.807,3.869 face -0.880,-0.781,3.621 -0.939,-0.786,3.544 -1.202,-0.807,3.869 -1.122,-0.795,3.973 face -0.814,-0.776,3.691 -0.880,-0.781,3.621 -1.122,-0.795,3.973 -1.033,-0.783,4.068 face -0.740,-0.771,3.752 -0.814,-0.776,3.691 -1.033,-0.783,4.068 -0.933,-0.773,4.153 face -0.659,-0.768,3.805 -0.740,-0.771,3.752 -0.933,-0.773,4.153 -0.824,-0.763,4.226 face -0.572,-0.765,3.847 -0.659,-0.768,3.805 -0.824,-0.763,4.226 -0.707,-0.756,4.284 face -0.443,-0.738,3.410 -0.572,-0.765,3.847 -0.707,-0.756,4.284 -0.773,-0.386,4.324 face -0.750,-0.753,3.117 -0.776,-0.755,3.061 -1.077,-0.802,3.290 -1.037,-0.796,3.378 face -0.719,-0.751,3.171 -0.750,-0.753,3.117 -1.037,-0.796,3.378 -0.991,-0.791,3.463 face -0.685,-0.749,3.223 -0.719,-0.751,3.171 -0.991,-0.791,3.463 -0.939,-0.786,3.544 face -0.646,-0.747,3.271 -0.685,-0.749,3.223 -0.939,-0.786,3.544 -0.880,-0.781,3.621 face -0.601,-0.745,3.314 -0.646,-0.747,3.271 -0.880,-0.781,3.621 -0.814,-0.776,3.691 face -0.553,-0.742,3.352 -0.601,-0.745,3.314 -0.814,-0.776,3.691 -0.740,-0.771,3.752 face -0.499,-0.739,3.384 -0.553,-0.742,3.352 -0.740,-0.771,3.752 -0.659,-0.768,3.805 face -0.443,-0.738,3.410 -0.499,-0.739,3.384 -0.659,-0.768,3.805 -0.572,-0.765,3.847 face -0.873,-0.386,3.035 -0.904,-0.386,2.964 -0.776,-0.755,3.061 -0.750,-0.753,3.117 face -0.837,-0.386,3.104 -0.873,-0.386,3.035 -0.750,-0.753,3.117 -0.719,-0.751,3.171 face -0.795,-0.386,3.169 -0.837,-0.386,3.104 -0.719,-0.751,3.171 -0.685,-0.749,3.223 face -0.747,-0.386,3.230 -0.795,-0.386,3.169 -0.685,-0.749,3.223 -0.646,-0.747,3.271 face -0.692,-0.386,3.286 -0.747,-0.386,3.230 -0.646,-0.747,3.271 -0.601,-0.745,3.314 face -0.631,-0.386,3.333 -0.692,-0.386,3.286 -0.601,-0.745,3.314 -0.553,-0.742,3.352 face -0.564,-0.386,3.373 -0.631,-0.386,3.333 -0.553,-0.742,3.352 -0.499,-0.739,3.384 face -0.493,-0.386,3.404 -0.564,-0.386,3.373 -0.499,-0.739,3.384 -0.443,-0.738,3.410  r=6
;__create Blocks__
block create group "Blocks" poly face -1.411,-0.386,2.528 -1.791,-0.386,2.646 -1.796,-0.386,2.525 -1.418,-0.386,2.428 face -0.917,-0.769,2.435 -1.038,-0.386,2.331 -1.418,-0.386,2.428 -1.796,-0.386,2.525 face -1.581,-0.884,2.762 -1.594,-0.885,2.650 -1.796,-0.386,2.525 -1.791,-0.386,2.646 face -1.401,-0.386,2.628 -1.784,-0.386,2.767 -1.791,-0.386,2.646 -1.411,-0.386,2.528 face -1.038,-0.386,2.331 -1.029,-0.386,2.411 -1.411,-0.386,2.528 -1.418,-0.386,2.428 face -1.565,-0.881,2.874 -1.581,-0.884,2.762 -1.791,-0.386,2.646 -1.784,-0.386,2.767 face -1.389,-0.386,2.728 -1.774,-0.386,2.887 -1.784,-0.386,2.767 -1.401,-0.386,2.628 face -1.029,-0.386,2.411 -1.019,-0.386,2.492 -1.401,-0.386,2.628 -1.411,-0.386,2.528 face -1.546,-0.878,2.985 -1.565,-0.881,2.874 -1.784,-0.386,2.767 -1.774,-0.386,2.887 face -1.373,-0.386,2.827 -1.761,-0.386,3.007 -1.774,-0.386,2.887 -1.389,-0.386,2.728 face -1.019,-0.386,2.492 -1.007,-0.386,2.572 -1.389,-0.386,2.728 -1.401,-0.386,2.628 face -1.523,-0.873,3.095 -1.546,-0.878,2.985 -1.774,-0.386,2.887 -1.761,-0.386,3.007 face -1.353,-0.386,2.925 -1.743,-0.386,3.127 -1.761,-0.386,3.007 -1.373,-0.386,2.827 face -1.007,-0.386,2.572 -0.992,-0.386,2.652 -1.373,-0.386,2.827 -1.389,-0.386,2.728 face -1.496,-0.867,3.205 -1.523,-0.873,3.095 -1.761,-0.386,3.007 -1.743,-0.386,3.127 face -1.331,-0.386,3.023 -1.720,-0.386,3.246 -1.743,-0.386,3.127 -1.353,-0.386,2.925 face -0.992,-0.386,2.652 -0.975,-0.386,2.731 -1.353,-0.386,2.925 -1.373,-0.386,2.827 face -1.465,-0.860,3.313 -1.496,-0.867,3.205 -1.743,-0.386,3.127 -1.720,-0.386,3.246 face -1.304,-0.386,3.120 -1.692,-0.386,3.363 -1.720,-0.386,3.246 -1.331,-0.386,3.023 face -0.975,-0.386,2.731 -0.956,-0.386,2.810 -1.331,-0.386,3.023 -1.353,-0.386,2.925 face -1.429,-0.852,3.420 -1.465,-0.860,3.313 -1.720,-0.386,3.246 -1.692,-0.386,3.363 face -1.271,-0.386,3.214 -1.657,-0.386,3.479 -1.692,-0.386,3.363 -1.304,-0.386,3.120 face -0.956,-0.386,2.810 -0.932,-0.386,2.887 -1.304,-0.386,3.120 -1.331,-0.386,3.023 face -1.388,-0.843,3.524 -1.429,-0.852,3.420 -1.692,-0.386,3.363 -1.657,-0.386,3.479 face -0.904,-0.386,2.964 -0.776,-0.755,3.061 -1.657,-0.386,3.479 -1.271,-0.386,3.214 face -0.932,-0.386,2.887 -0.904,-0.386,2.964 -1.271,-0.386,3.214 -1.304,-0.386,3.120 face -1.254,-0.826,2.542 -0.917,-0.769,2.435 -1.796,-0.386,2.525 -1.594,-0.885,2.650 face -1.242,-0.825,2.638 -1.254,-0.826,2.542 -1.594,-0.885,2.650 -1.581,-0.884,2.762 face -1.228,-0.824,2.733 -1.242,-0.825,2.638 -1.581,-0.884,2.762 -1.565,-0.881,2.874 face -1.211,-0.821,2.828 -1.228,-0.824,2.733 -1.565,-0.881,2.874 -1.546,-0.878,2.985 face -1.191,-0.819,2.923 -1.211,-0.821,2.828 -1.546,-0.878,2.985 -1.523,-0.873,3.095 face -1.168,-0.815,3.016 -1.191,-0.819,2.923 -1.523,-0.873,3.095 -1.496,-0.867,3.205 face -1.142,-0.811,3.109 -1.168,-0.815,3.016 -1.496,-0.867,3.205 -1.465,-0.860,3.313 face -1.112,-0.807,3.201 -1.142,-0.811,3.109 -1.465,-0.860,3.313 -1.429,-0.852,3.420 face -1.077,-0.802,3.290 -1.112,-0.807,3.201 -1.429,-0.852,3.420 -1.388,-0.843,3.524 face -0.776,-0.755,3.061 -1.077,-0.802,3.290 -1.388,-0.843,3.524 -1.657,-0.386,3.479 face -0.908,-0.768,2.515 -0.917,-0.769,2.435 -1.254,-0.826,2.542 -1.242,-0.825,2.638 face -0.897,-0.767,2.595 -0.908,-0.768,2.515 -1.242,-0.825,2.638 -1.228,-0.824,2.733 face -0.884,-0.766,2.674 -0.897,-0.767,2.595 -1.228,-0.824,2.733 -1.211,-0.821,2.828 face -0.869,-0.764,2.754 -0.884,-0.766,2.674 -1.211,-0.821,2.828 -1.191,-0.819,2.923 face -0.852,-0.762,2.832 -0.869,-0.764,2.754 -1.191,-0.819,2.923 -1.168,-0.815,3.016 face -0.831,-0.760,2.910 -0.852,-0.762,2.832 -1.168,-0.815,3.016 -1.142,-0.811,3.109 face -0.806,-0.758,2.987 -0.831,-0.760,2.910 -1.142,-0.811,3.109 -1.112,-0.807,3.201 face -0.776,-0.755,3.061 -0.806,-0.758,2.987 -1.112,-0.807,3.201 -1.077,-0.802,3.290 face -1.029,-0.386,2.411 -1.038,-0.386,2.331 -0.917,-0.769,2.435 -0.908,-0.768,2.515 face -1.019,-0.386,2.492 -1.029,-0.386,2.411 -0.908,-0.768,2.515 -0.897,-0.767,2.595 face -1.007,-0.386,2.572 -1.019,-0.386,2.492 -0.897,-0.767,2.595 -0.884,-0.766,2.674 face -0.992,-0.386,2.652 -1.007,-0.386,2.572 -0.884,-0.766,2.674 -0.869,-0.764,2.754 face -0.975,-0.386,2.731 -0.992,-0.386,2.652 -0.869,-0.764,2.754 -0.852,-0.762,2.832 face -0.956,-0.386,2.810 -0.975,-0.386,2.731 -0.852,-0.762,2.832 -0.831,-0.760,2.910 face -0.932,-0.386,2.887 -0.956,-0.386,2.810 -0.831,-0.760,2.910 -0.806,-0.758,2.987 face -0.904,-0.386,2.964 -0.932,-0.386,2.887 -0.806,-0.758,2.987 -0.776,-0.755,3.061  r=7
;__create Cutout__
block create group "Cutout" poly face -1.623,-0.877,1.802 -1.703,-0.655,1.773 -1.687,-0.655,2.592 -1.594,-0.885,2.650 face -1.270,-0.655,2.485 -1.687,-0.655,2.592 -1.703,-0.655,1.773 -1.270,-0.655,1.744 face -1.270,-0.386,2.390 -1.270,-0.655,2.485 -1.270,-0.655,1.744 -1.270,-0.386,1.702 face -1.270,-0.386,2.390 -1.270,-0.386,1.702 -1.064,-0.386,1.689 -1.038,-0.386,2.331 face -1.289,-0.815,1.771 -1.623,-0.877,1.802 -1.594,-0.885,2.650 -1.254,-0.826,2.542 face -1.038,-0.386,2.331 -1.064,-0.386,1.689 -0.953,-0.769,1.741 -0.917,-0.769,2.435 face -0.953,-0.769,1.741 -1.289,-0.815,1.771 -1.254,-0.826,2.542 -0.917,-0.769,2.435 face -1.594,-0.885,2.650 -1.687,-0.655,2.592 -1.270,-0.655,2.485 -1.254,-0.826,2.542 face -1.254,-0.826,2.542 -1.270,-0.655,2.485 -0.917,-0.769,2.435 face -1.270,-0.655,2.485 -1.270,-0.386,2.390 -1.038,-0.386,2.331 -0.917,-0.769,2.435 face -1.703,-0.655,1.773 -1.623,-0.877,1.802 -1.289,-0.815,1.771 -1.270,-0.655,1.744 face -1.270,-0.655,1.744 -1.289,-0.815,1.771 -0.953,-0.769,1.741 face -1.064,-0.386,1.689 -1.270,-0.386,1.702 -1.270,-0.655,1.744 -0.953,-0.769,1.741  r=8
;__create Cutout__
block create group "Cutout" poly face -1.623,-0.865,0.998 -1.701,-0.655,0.998 -1.703,-0.655,1.773 -1.623,-0.877,1.802 face -1.270,-0.655,1.744 -1.703,-0.655,1.773 -1.701,-0.655,0.998 -1.270,-0.655,0.998 face -1.270,-0.386,1.702 -1.270,-0.655,1.744 -1.270,-0.655,0.998 -1.270,-0.386,0.998 face -1.270,-0.386,1.702 -1.270,-0.386,0.998 -1.064,-0.386,0.998 -1.064,-0.386,1.689 face -1.064,-0.386,1.689 -1.064,-0.386,0.998 -0.956,-0.766,0.998 -0.953,-0.769,1.741 face -1.291,-0.805,0.998 -1.623,-0.865,0.998 -1.623,-0.877,1.802 -1.289,-0.815,1.771 face -0.956,-0.766,0.998 -1.291,-0.805,0.998 -1.289,-0.815,1.771 -0.953,-0.769,1.741 face -1.701,-0.655,0.998 -1.623,-0.865,0.998 -1.291,-0.805,0.998 -1.270,-0.655,0.998 face -1.270,-0.655,0.998 -1.291,-0.805,0.998 -0.956,-0.766,0.998 face -1.064,-0.386,0.998 -1.270,-0.386,0.998 -1.270,-0.655,0.998 -0.956,-0.766,0.998 face -1.289,-0.815,1.771 -1.623,-0.877,1.802 -1.703,-0.655,1.773 -1.270,-0.655,1.744 face -1.289,-0.815,1.771 -1.270,-0.655,1.744 -0.953,-0.769,1.741 face -1.270,-0.655,1.744 -1.270,-0.386,1.702 -1.064,-0.386,1.689 -0.953,-0.769,1.741  r=9
