**********************************************
* Logging started at Wed Mar 13 16:56:50 2024
* By 3dec Version 7.00 Release 159
* 
* 
* Job Title: 
**********************************************
3dec>@contacts_output
contact = 1 1 1 0 (4.94192,0.50039,0.784658) (0.149435,0,-0.988771)
subcontact = (5.43229,0.000393713,0.861374) 5365.04 (1043.22,0.971174,169.276) 112 -0.00515045 (-0.00360851,-3.35644e-06,-0.000565429) 257528 50730.6 0.0208328
face centroid = (5.1895,0.250394,0.819472)
subcontact = (5.43229,0.500394,0.861374) 10724.4 (2082.42,1.94239,337.928) 111 -0.00514772 (-0.00360157,-3.35651e-06,-0.000564365) 257392 50633.1 0.0416656
face centroid = (5.1895,0.250394,0.819472)
subcontact = (4.93844,0.500394,0.783157) 1673.48 (1041.45,-1.0606,169.003) 110 -0.00160653 (-0.0036024,3.66548e-06,-0.000564495) 80329.1 50644.7 0.0208328
face centroid = (5.1895,0.250394,0.819472)
subcontact = (4.93844,0.000393713,0.783157) 3352.65 (2086.91,-2.12123,338.63) 109 -0.00160926 (-0.00360933,3.66554e-06,-0.000565559) 80465.6 50742.2 0.0416656
face centroid = (5.1895,0.250394,0.819472)
subcontact = (4.94231,0.000390091,0.782113) 1697.83 (1043.46,-1.04801,169.315) 108 -0.00162992 (-0.00360933,3.62192e-06,-0.000565558) 81495.7 50741 0.0208333
face centroid = (5.18536,0.250394,0.822265)
subcontact = (4.9423,0.50039,0.782114) 3389.94 (2082.9,-2.096,338.007) 107 -0.00162717 (-0.00360239,3.62188e-06,-0.000564495) 81358.5 50643.6 0.0416667
face centroid = (5.18536,0.250394,0.822265)
subcontact = (5.43669,0.500397,0.856832) 5383.74 (1041.21,0.983862,168.965) 106 -0.00516839 (-0.00360157,-3.40023e-06,-0.000564365) 258419 50631.9 0.0208333
face centroid = (5.18536,0.250394,0.822265)
subcontact = (5.43669,0.000397113,0.85683) 10773.2 (2086.44,1.9677,338.553) 105 -0.00517114 (-0.0036085,-3.40018e-06,-0.000565429) 258557 50729.4 0.0416667
face centroid = (5.18536,0.250394,0.822265)
contact = 2 7 2 1 (4.99305,0.25,1.62234) (0.309017,0,-0.951057)
contact = 3 7 3 2 (4.67778,0.25,2.38345) (0.45399,0,-0.891007)
contact = 4 1 4 3 (4.26751,0.250382,3.09057) (0.590624,-0.00170896,-0.806945)
subcontact = (4.47083,0.000375065,3.23616) 108.382 (-31.7042,2.6021,-22.0057) 104 -0.000104021 (0.000108572,-8.99295e-06,7.74037e-05) 5202.65 1856.77 0.0208321
face centroid = (4.26895,0.250388,3.08846)
subcontact = (4.47082,0.500375,3.23616) 210.114 (-59.5606,5.20102,-41.1951) 103 -0.000100829 (0.000101923,-8.98744e-06,7.25372e-05) 5043.04 1742.63 0.0416643
face centroid = (4.26895,0.250388,3.08846)
subcontact = (4.06424,0.50037,2.94514) 5316.08 (-34.8471,6.59462,-24.3224) 102 -0.00510348 (0.000119441,-2.27913e-05,8.54017e-05) 255186 2064.33 0.0208321
face centroid = (4.26895,0.250388,3.08846)
subcontact = (4.06425,0.000370047,2.94514) 10638.8 (-73.5419,13.1924,-51.461) 101 -0.00510668 (0.00012609,-2.27968e-05,9.02683e-05) 255346 2177.48 0.0416643
face centroid = (4.26895,0.250388,3.08846)
subcontact = (4.06713,0.000389147,2.94092) 5323.59 (-36.7717,6.6002,-25.7311) 100 -0.00511066 (0.000126102,-2.28103e-05,9.02769e-05) 255533 2177.43 0.0208333
face centroid = (4.26754,0.250373,3.09065)
subcontact = (4.06713,0.500389,2.94093) 10640.4 (-69.6954,13.1971,-48.6457) 99 -0.00510742 (0.000119453,-2.28047e-05,8.54101e-05) 255371 2064.29 0.0416666
face centroid = (4.26754,0.250373,3.09065)
subcontact = (4.47078,0.500386,3.236) 109.064 (-29.7806,2.60437,-20.5978) 98 -0.000104701 (0.000101934,-9.0007e-06,7.25452e-05) 5235.1 1742.56 0.0208333
face centroid = (4.26754,0.250373,3.09065)
subcontact = (4.47078,0.000385871,3.236) 224.872 (-63.4092,5.212,-44.012) 97 -0.000107938 (0.000108583,-9.00635e-06,7.7412e-05) 5396.95 1856.7 0.0416666
face centroid = (4.26754,0.250373,3.09065)
contact = 5 1 5 4 (3.64449,0.25028,3.62356) (0.715026,2.30287e-05,-0.699098)
subcontact = (3.90836,0.000371076,3.89062) 241.72 (-117.334,1.23581,-116.679) 96 -0.000232038 (0.000669211,-5.21655e-06,0.000674269) 11603 7943.19 0.0208326
face centroid = (3.73307,0.250374,3.71102)
subcontact = (3.90836,0.500371,3.89063) 476.521 (-230.793,2.44325,-229.606) 95 -0.000228717 (0.000676332,-5.21682e-06,0.000681538) 11436.9 7813.74 0.0416652
face centroid = (3.73307,0.250374,3.71102)
subcontact = (3.55584,0.500376,3.53605) 4582.07 (-196.966,-1.41572,-195.583) 94 -0.00439882 (0.000675709,4.89315e-06,0.000680959) 219947 13324.3 0.0208326
face centroid = (3.73307,0.250374,3.71102)
subcontact = (3.55584,0.000375697,3.53604) 9171.07 (-389.808,-2.8316,-386.963) 93 -0.00440214 (0.000668589,4.89342e-06,0.00067369) 220113 13183 0.0416652
face centroid = (3.73307,0.250374,3.71102)
subcontact = (3.5583,0.000370793,3.53226) 4591.67 (-194.905,-1.42091,-193.483) 92 -0.00440801 (0.000668589,4.91096e-06,0.00067369) 220400 13182.6 0.0208333
face centroid = (3.7321,0.250373,3.71333)
subcontact = (3.55829,0.500371,3.53226) 9176.44 (-393.935,-2.84172,-391.169) 91 -0.0044047 (0.00067571,4.91077e-06,0.00068096) 220234 13323.9 0.0416667
face centroid = (3.7321,0.250373,3.71333)
subcontact = (3.90784,0.500376,3.88978) 244.332 (-118.427,1.22416,-117.798) 90 -0.000234559 (0.000676333,-5.1995e-06,0.000681539) 11727.9 8017.98 0.0208333
face centroid = (3.7321,0.250373,3.71333)
subcontact = (3.90785,0.000376277,3.88977) 495.56 (-240.73,2.47637,-239.348) 89 -0.000237869 (0.000669212,-5.19931e-06,0.000674269) 11893.4 8147.44 0.0416667
face centroid = (3.7321,0.250373,3.71333)
contact = 6 1 6 5 (3.02887,0.250242,4.13602) (0.818426,3.03132e-05,-0.574613)
subcontact = (3.24531,0.000355718,4.44285) 855.616 (-181.105,0.28667,-246.476) 88 -0.000821392 (0.00061669,-9.90183e-07,0.00085853) 41070 14681.4 0.0208331
face centroid = (3.1017,0.250354,4.23689)
subcontact = (3.2453,0.500356,4.44286) 1705.18 (-363.12,0.573405,-494.216) 87 -0.000818487 (0.00061825,-9.90296e-07,0.000860724) 40924.8 14718.8 0.0416662
face centroid = (3.1017,0.250354,4.23689)
subcontact = (2.95598,0.500352,4.03506) 3417.44 (-180.244,-0.492884,-245.274) 86 -0.00328075 (0.000613734,1.70397e-06,0.000854362) 164039 14610.4 0.0208331
face centroid = (3.1017,0.250354,4.23689)
subcontact = (2.95599,0.000352104,4.03506) 6840.93 (-359.577,-0.985833,-489.284) 85 -0.00328365 (0.000612173,1.70409e-06,0.000852167) 164184 14573 0.0416662
face centroid = (3.1017,0.250354,4.23689)
subcontact = (2.95806,0.000350421,4.03229) 3425.17 (-179.786,-0.494179,-244.638) 84 -0.00328817 (0.000612165,1.70845e-06,0.000852155) 164408 14572.7 0.0208333
face centroid = (3.10065,0.250354,4.23896)
subcontact = (2.95804,0.50035,4.03229) 6844.3 (-360.483,-0.988284,-490.541) 83 -0.00328527 (0.000613725,1.70832e-06,0.000854349) 164263 14610.1 0.0416667
face centroid = (3.10065,0.250354,4.23896)
subcontact = (3.24535,0.500357,4.4415) 857.303 (-181.558,0.285454,-247.105) 82 -0.000823011 (0.000618242,-9.85968e-07,0.000860711) 41150.5 14718.4 0.0208333
face centroid = (3.10065,0.250354,4.23896)
subcontact = (3.24536,0.000356661,4.4415) 1720.65 (-362.205,0.570836,-492.945) 81 -0.000825911 (0.000616681,-9.85842e-07,0.000858517) 41295.5 14681 0.0416667
face centroid = (3.10065,0.250354,4.23896)
contact = 7 1 7 6 (2.39289,0.250328,4.65507) (0.898631,1.77649e-06,-0.438705)
subcontact = (2.50229,0.000329731,4.88047) 1655.34 (-138.967,0.231677,-269.988) 80 -0.00158913 (0.000470362,-8.00677e-07,0.000938128) 79456.4 14575.4 0.0208333
face centroid = (2.39357,0.250328,4.65414)
subcontact = (2.50227,0.50033,4.88047) 3305.53 (-278.432,0.46329,-540.963) 79 -0.00158666 (0.000471211,-8.00567e-07,0.000939839) 79332.8 14601.9 0.0416666
face centroid = (2.39357,0.250328,4.65414)
subcontact = (2.28252,0.500326,4.43135) 2147.05 (-140.134,-0.315645,-272.252) 78 -0.00206117 (0.000474308,1.09087e-06,0.000945995) 103058 14697.6 0.0208333
face centroid = (2.39357,0.250328,4.65414)
subcontact = (2.28253,0.000325939,4.43135) 4299.25 (-279.769,-0.631226,-543.517) 77 -0.00206364 (0.000473459,1.09076e-06,0.000944285) 103182 14671.1 0.0416666
face centroid = (2.39357,0.250328,4.65414)
subcontact = (2.28391,0.000324833,4.42947) 2151.67 (-139.885,-0.316417,-271.761) 76 -0.00206561 (0.000473462,1.09354e-06,0.00094429) 103280 14671.2 0.0208333
face centroid = (2.3924,0.250328,4.65591)
subcontact = (2.28389,0.500325,4.42948) 4298.2 (-280.269,-0.632897,-544.508) 75 -0.00206314 (0.000474311,1.09365e-06,0.000946001) 103157 14697.7 0.0416667
face centroid = (2.3924,0.250328,4.65591)
subcontact = (2.50322,0.500331,4.8788) 1654.81 (-139.217,0.230843,-270.483) 74 -0.00158862 (0.000471214,-7.97796e-07,0.000939844) 79431.1 14602 0.0208333
face centroid = (2.3924,0.250328,4.65591)
subcontact = (2.50324,0.000330515,4.8788) 3314.77 (-277.936,0.461749,-539.98) 73 -0.00159109 (0.000470364,-7.97903e-07,0.000938134) 79554.6 14575.5 0.0416667
face centroid = (2.3924,0.250328,4.65591)
contact = 8 1 8 7 (1.62752,0.250297,4.95576) (0.955413,3.61446e-07,-0.295272)
subcontact = (1.70034,0.000298038,5.19536) 2406.1 (-73.7474,0.166549,-224.78) 72 -0.00230986 (0.000248144,-5.75597e-07,0.000778996) 115493 11355.3 0.0208333
face centroid = (1.62849,0.250297,4.95501)
subcontact = (1.70033,0.500298,5.19537) 4808.13 (-147.74,0.333032,-450.318) 71 -0.00230791 (0.000248559,-5.75482e-07,0.000780309) 115396 11374.5 0.0416665
face centroid = (1.62849,0.250297,4.95501)
subcontact = (1.55399,0.500295,4.71726) 1036.75 (-75.8957,-0.245052,-231.37) 70 -0.000995278 (0.000255393,8.46899e-07,0.000801826) 49764 11688 0.0208333
face centroid = (1.62849,0.250297,4.95501)
subcontact = (1.55401,0.000295309,4.71726) 2077.56 (-151.547,-0.490036,-461.981) 69 -0.000997228 (0.000254978,8.46784e-07,0.000800513) 49861.5 11668.9 0.0416665
face centroid = (1.62849,0.250297,4.95501)
subcontact = (1.55471,0.000294453,4.71615) 1038.77 (-75.7756,-0.245472,-230.998) 68 -0.000997215 (0.000254985,8.48344e-07,0.000800535) 49860.8 11669.2 0.0208333
face centroid = (1.62717,0.250297,4.95631)
subcontact = (1.55469,0.500294,4.71615) 2073.47 (-151.796,-0.491007,-462.753) 67 -0.000995266 (0.000255399,8.48454e-07,0.000801847) 49763.3 11688.3 0.0416667
face centroid = (1.62717,0.250297,4.95631)
subcontact = (1.70228,0.500299,5.19387) 2404.06 (-73.8721,0.166067,-225.166) 66 -0.0023079 (0.000248565,-5.73932e-07,0.00078033) 115395 11374.8 0.0208333
face centroid = (1.62717,0.250297,4.95631)
subcontact = (1.7023,0.000298604,5.19387) 4812.18 (-147.499,0.332197,-449.574) 65 -0.00230985 (0.000248151,-5.74042e-07,0.000779018) 115492 11355.7 0.0416667
face centroid = (1.62717,0.250297,4.95631)
contact = 9 1 9 8 (0.824825,0.250261,5.13541) (0.989024,3.17513e-07,-0.147753)
subcontact = (0.860261,0.000261852,5.38315) 2935.94 (-22.6852,0.192302,-140.24) 64 -0.00281851 (7.54716e-05,-6.64606e-07,0.000485129) 140927 6819.16 0.020833
face centroid = (0.826179,0.250261,5.13494)
subcontact = (0.86024,0.500262,5.38315) 5869.04 (-45.525,0.384543,-281.441) 63 -0.00281715 (7.57293e-05,-6.64501e-07,0.00048679) 140859 6842.5 0.041666
face centroid = (0.826179,0.250261,5.13494)
subcontact = (0.789197,0.500261,4.88822) 281.275 (-19.0706,-0.270444,-118.642) 62 -0.00027002 (8.03161e-05,1.12089e-06,0.000516436) 13501.4 5768.02 0.020833
face centroid = (0.826179,0.250261,5.13494)
subcontact = (0.789218,0.000261042,4.88822) 565.384 (-38.1604,-0.542171,-237.374) 61 -0.00027138 (8.00584e-05,1.12079e-06,0.000514775) 13569.4 5770.24 0.041666
face centroid = (0.826179,0.250261,5.13494)
subcontact = (0.789409,0.000259916,4.88766) 282.217 (-19.0011,-0.270728,-118.209) 60 -0.000270928 (8.00612e-05,1.12187e-06,0.000514793) 13546.4 5746.87 0.0208333
face centroid = (0.824729,0.250261,5.13568)
subcontact = (0.789386,0.50026,4.88766) 561.599 (-37.9826,-0.540156,-236.325) 59 -0.000269567 (8.0319e-05,1.12197e-06,0.000516455) 13478.4 5744.59 0.0416667
face centroid = (0.824729,0.250261,5.13568)
subcontact = (0.86295,0.500263,5.38222) 2934.07 (-22.7636,0.19197,-140.727) 58 -0.00281671 (7.57321e-05,-6.63447e-07,0.000486808) 140835 6842.72 0.0208333
face centroid = (0.824729,0.250261,5.13568)
subcontact = (0.862972,0.000262512,5.38222) 5870.98 (-45.3726,0.383999,-280.494) 57 -0.00281807 (7.54744e-05,-6.63548e-07,0.000485147) 140904 6819.38 0.0416667
face centroid = (0.824729,0.250261,5.13568)
contact = 10 1 10 9 (0.00236348,0.250222,5.31689) (0.99996,-2.27368e-06,-0.00892696)
subcontact = (0.00198339,0.000222965,5.44183) 3138.87 (-0.0540677,-0.0702837,32.9152) 56 -0.00301333 (-4.14362e-07,2.42968e-07,-0.000113756) 150691 1580.2 0.0208298
face centroid = (0.00273935,0.250221,5.19195)
subcontact = (0.00196048,0.500223,5.44183) 6276.5 (-0.100902,-0.140616,63.6567) 55 -0.00301273 (-4.03847e-07,2.43052e-07,-0.00011) 150661 1528.02 0.0416597
face centroid = (0.00273935,0.250221,5.19195)
subcontact = (0.00666907,0.500224,4.94185) 0 (0,0,0) 54 0.00618992 (-2.4796e-07,4.41385e-06,-7.64593e-05) 0 0 0.0208298
face centroid = (0.00273935,0.250221,5.19195)
subcontact = (0.00669198,0.000223964,4.94185) 0 (0,0,0) 53 0.00618933 (-2.58475e-07,4.41377e-06,-8.02153e-05) 0 0 0.0416597
face centroid = (0.00273935,0.250221,5.19195)
subcontact = (0.00050398,0.000219551,4.94196) 0 (0,0,0) 52 0.00618714 (-2.58517e-07,4.41292e-06,-8.02245e-05) 0 0 0.0208333
face centroid = (0.00432623,0.250223,5.19184)
subcontact = (0.000480454,0.50022,4.94196) 0 (0,0,0) 51 0.00618776 (-2.48001e-07,4.413e-06,-7.64684e-05) 0 0 0.0416667
face centroid = (0.00432623,0.250223,5.19184)
subcontact = (0.00497472,0.500223,5.44194) 3140.84 (-0.0504325,-0.0700396,31.8317) 50 -0.00301521 (-4.03897e-07,2.4205e-07,-0.000110011) 150760 1527.93 0.0208333
face centroid = (0.00432623,0.250223,5.19184)
subcontact = (0.00499825,0.000222723,5.44194) 6282.97 (-0.108099,-0.140032,65.8371) 49 -0.00301583 (-4.14412e-07,2.41967e-07,-0.000113767) 150791 1580.1 0.0416667
face centroid = (0.00432623,0.250223,5.19184)
contact = 11 1 11 10 (-0.818986,0.250182,5.13498) (0.989816,1.39674e-07,0.142351)
subcontact = (-0.855965,0.000181857,5.38196) 2922.79 (-23.0518,0.0659666,139.141) 48 -0.00280588 (7.45308e-05,-2.27978e-07,-0.000481695) 140296 6769.9 0.020833
face centroid = (-0.817635,0.250182,5.13543)
subcontact = (-0.855989,0.500182,5.38196) 5845.49 (-46.0507,0.131915,277.938) 47 -0.00280584 (7.44422e-05,-2.27947e-07,-0.0004811) 140294 6761.55 0.0416661
face centroid = (-0.817635,0.250182,5.13543)
subcontact = (-0.782214,0.500182,4.88743) 295.822 (-24.0486,-0.14355,145.434) 46 -0.000283987 (7.78207e-05,4.9612e-07,-0.000503468) 14199.7 7075.73 0.020833
face centroid = (-0.817635,0.250182,5.13543)
subcontact = (-0.78219,0.0001824,4.88744) 591.721 (-48.1502,-0.287082,291.212) 45 -0.000284024 (7.79093e-05,4.96088e-07,-0.000504063) 14201.5 7084.09 0.0416661
face centroid = (-0.817635,0.250182,5.13543)
subcontact = (-0.781984,0.000181905,4.88799) 296.828 (-24.0743,-0.143378,145.601) 44 -0.000284953 (7.79068e-05,4.95517e-07,-0.000504046) 14247.7 7083.75 0.0208333
face centroid = (-0.819089,0.250182,5.1347)
subcontact = (-0.782007,0.500182,4.88798) 593.577 (-48.0957,-0.286773,290.858) 43 -0.000284916 (7.78182e-05,4.95546e-07,-0.000503451) 14245.9 7075.4 0.0416667
face centroid = (-0.819089,0.250182,5.1347)
subcontact = (-0.853287,0.500182,5.38288) 2923.71 (-23.0246,0.0661258,138.964) 42 -0.00280677 (7.44397e-05,-2.28528e-07,-0.000481083) 140338 6761.21 0.0208333
face centroid = (-0.819089,0.250182,5.1347)
subcontact = (-0.853264,0.000182085,5.38288) 5847.5 (-46.1021,0.132269,278.272) 41 -0.00280681 (7.45283e-05,-2.28558e-07,-0.000481678) 140340 6769.56 0.0416667
face centroid = (-0.819089,0.250182,5.1347)
contact = 12 1 12 11 (-1.62096,0.250143,4.95495) (0.956188,5.51323e-07,0.292752)
subcontact = (-1.69521,0.0001412,5.1932) 2382.29 (-77.5136,0.0572607,233.989) 40 -0.002287 (0.000258657,-1.97885e-07,-0.000811672) 114350 11831.8 0.0208332
face centroid = (-1.61999,0.250143,4.9557)
subcontact = (-1.69524,0.500141,5.1932) 4765.94 (-154.921,0.11452,467.643) 39 -0.00228765 (0.000258476,-1.97883e-07,-0.00081109) 114383 11823.3 0.0416665
face centroid = (-1.61999,0.250143,4.9557)
subcontact = (-1.54741,0.500145,4.71555) 1064.28 (-78.9111,-0.137042,238.28) 38 -0.00102171 (0.000263355,4.73629e-07,-0.000826542) 51085.6 12048.4 0.0208332
face centroid = (-1.61999,0.250143,4.9557)
subcontact = (-1.54739,0.000144736,4.71555) 2127.19 (-157.928,-0.274082,476.895) 37 -0.00102105 (0.000263535,4.73626e-07,-0.000827123) 51052.7 12056.8 0.0416665
face centroid = (-1.61999,0.250143,4.9557)
subcontact = (-1.54668,0.000144258,4.7167) 1064.16 (-78.9623,-0.136761,238.442) 36 -0.0010216 (0.00026353,4.72654e-07,-0.000827106) 51079.9 12056.5 0.0208333
face centroid = (-1.62131,0.250143,4.95437)
subcontact = (-1.5467,0.500144,4.71669) 2129.7 (-157.819,-0.273521,476.548) 35 -0.00102226 (0.000263349,4.72653e-07,-0.000826524) 51112.8 12048 0.0416667
face centroid = (-1.62131,0.250143,4.95437)
subcontact = (-1.69331,0.500141,5.19471) 2383.54 (-77.4589,0.0575431,233.816) 34 -0.0022882 (0.000258471,-1.98861e-07,-0.000811072) 114410 11823 0.0208333
face centroid = (-1.62131,0.250143,4.95437)
subcontact = (-1.69329,0.000141393,5.19472) 4765.71 (-155.024,0.115086,467.968) 33 -0.00228754 (0.000258651,-1.98861e-07,-0.000811654) 114377 11831.5 0.0416667
face centroid = (-1.62131,0.250143,4.95437)
contact = 13 1 13 12 (-2.38574,0.250106,4.65393) (0.897958,1.50823e-06,0.440081)
subcontact = (-2.496,0.00010249,4.8777) 1622.2 (-139.642,0.0694339,272.342) 32 -0.00155731 (0.000474068,-2.39941e-07,-0.000945549) 77865.4 14690.7 0.0208333
face centroid = (-2.38506,0.250106,4.65487)
subcontact = (-2.49602,0.500102,4.87769) 3247.2 (-279.083,0.138883,544.273) 31 -0.00155866 (0.000473719,-2.39967e-07,-0.00094484) 77932.8 14679.7 0.0416666
face centroid = (-2.38506,0.250106,4.65487)
subcontact = (-2.27644,0.500109,4.42849) 2186.61 (-139.522,-0.153132,272.067) 30 -0.00209914 (0.000473631,5.29247e-07,-0.000944611) 104957 14676.3 0.0208333
face centroid = (-2.38506,0.250106,4.65487)
subcontact = (-2.27642,0.000108891,4.42849) 4370.41 (-279.245,-0.30628,544.545) 29 -0.0020978 (0.00047398,5.29273e-07,-0.00094532) 104890 14687.3 0.0416666
face centroid = (-2.38506,0.250106,4.65487)
subcontact = (-2.27501,0.00010835,4.43039) 2183.76 (-139.623,-0.1527,272.274) 28 -0.00209642 (0.000473982,5.27755e-07,-0.000945324) 104821 14687.3 0.0208333
face centroid = (-2.38622,0.250106,4.65309)
subcontact = (-2.27503,0.500108,4.43038) 4370.33 (-279.044,-0.305384,544.137) 27 -0.00209776 (0.000473633,5.27725e-07,-0.000944615) 104888 14676.4 0.0416667
face centroid = (-2.38622,0.250106,4.65309)
subcontact = (-2.4951,0.500103,4.87935) 1622.16 (-139.542,0.0698818,272.138) 26 -0.00155727 (0.000473721,-2.41489e-07,-0.000944844) 77863.5 14679.8 0.0208333
face centroid = (-2.38622,0.250106,4.65309)
subcontact = (-2.49508,0.000102718,4.87935) 3241.51 (-279.286,0.139746,544.686) 25 -0.00155593 (0.00047407,-2.41459e-07,-0.000945554) 77796.1 14690.7 0.0416667
face centroid = (-2.38622,0.250106,4.65309)
contact = 14 1 14 13 (-2.94889,7.66589e-05,4.0318) (0.818021,3.9234e-05,0.575189)
subcontact = (-3.23785,6.77721e-05,4.43986) 818.667 (-184.173,0.0580353,249.48) 24 -0.000785918 (0.000626495,-1.99812e-07,-0.00086948) 39296 14884.6 0.0208333
face centroid = (-3.09301,0.250072,4.23742)
subcontact = (-3.23787,0.500068,4.43985) 1641.48 (-367.901,0.116092,498.333) 23 -0.000787911 (0.000625728,-1.99849e-07,-0.000868393) 39395.6 14866.2 0.0416667
face centroid = (-3.09301,0.250072,4.23742)
subcontact = (-2.95027,0.500077,4.03084) 3469.68 (-180.748,-0.304259,244.744) 22 -0.0033309 (0.000614767,1.05227e-06,-0.000853033) 166545 14604.1 0.0208333
face centroid = (-3.09301,0.250072,4.23742)
subcontact = (-2.95025,7.65811e-05,4.03085) 6935.21 (-361.94,-0.60854,490.116) 21 -0.00332891 (0.000615534,1.05231e-06,-0.000854119) 166445 14622.6 0.0416667
face centroid = (-3.09301,0.250072,4.23742)
subcontact = (-2.94816,7.55187e-05,4.03365) 3463.53 (-180.976,-0.303487,245.066) 20 -0.00332499 (0.000615554,1.04961e-06,-0.000854148) 166251 14623.3 0.0208331
face centroid = (-3.09406,0.250072,4.23535)
subcontact = (-2.94818,0.500076,4.03365) 6931.21 (-361.507,-0.606951,489.505) 19 -0.00332698 (0.000614787,1.04957e-06,-0.000853061) 166351 14604.8 0.0416661
face centroid = (-3.09406,0.250072,4.23535)
subcontact = (-3.23785,0.500068,4.44119) 816.644 (-183.956,0.0588241,249.175) 18 -0.000783979 (0.000625749,-2.02541e-07,-0.000868421) 39199.4 14866.9 0.0208331
face centroid = (-3.09406,0.250072,4.23535)
subcontact = (-3.23783,6.79533e-05,4.4412) 1629.13 (-368.357,0.117625,498.977) 17 -0.000781986 (0.000626515,-2.02502e-07,-0.000869508) 39099.7 14885.3 0.0416661
face centroid = (-3.09406,0.250072,4.23535)
contact = 15 7 15 14 (-3.71231,0.25,3.71231) (0.707107,0,0.707107)
contact = 16 1 16 15 (-4.06421,2.4969e-05,2.94115) (0.596165,2.87729e-05,0.802862)
subcontact = (-4.46719,1.22597e-05,3.23714) 0 (0,0,0) 16 0.0032407 (0.000325715,-8.44179e-06,-0.000238163) 0 0 0.0208333
face centroid = (-4.26625,0.250022,3.08914)
subcontact = (-4.46721,0.500012,3.23713) 0 (0,0,0) 15 0.00323186 (0.000318202,-8.442e-06,-0.000232591) 0 0 0.0416667
face centroid = (-4.26625,0.250022,3.08914)
subcontact = (-4.06578,0.500025,2.93905) 5443.4 (-99.1772,-0.234732,71.4919) 14 -0.00522568 (0.000340937,8.11421e-07,-0.000249445) 261283 5868.43 0.0208333
face centroid = (-4.26625,0.250022,3.08914)
subcontact = (-4.06576,2.48882e-05,2.93906) 10868.4 (-202.704,-0.469584,146.206) 13 -0.00521684 (0.000348451,8.11628e-07,-0.000255018) 260841 5998.34 0.0416667
face centroid = (-4.26625,0.250022,3.08914)
subcontact = (-4.06304,2.40732e-05,2.94352) 5425.89 (-101.343,-0.232452,73.0965) 12 -0.00520891 (0.000348424,8.03637e-07,-0.000254998) 260480 5998.65 0.0208304
face centroid = (-4.26649,0.250019,3.08809)
subcontact = (-4.06304,0.500024,2.94352) 10870.2 (-198.337,-0.464819,142.971) 11 -0.00521776 (0.000340911,8.03489e-07,-0.000249426) 260922 5868.74 0.0416607
face centroid = (-4.26649,0.250019,3.08809)
subcontact = (-4.46946,0.500021,3.23477) 0 (0,0,0) 10 0.00323942 (0.000318178,-8.44866e-06,-0.000232573) 0 0 0.0208304
face centroid = (-4.26649,0.250019,3.08809)
subcontact = (-4.46945,2.07009e-05,3.23477) 0 (0,0,0) 9 0.00324826 (0.000325691,-8.44852e-06,-0.000238145) 0 0 0.0416607
face centroid = (-4.26649,0.250019,3.08809)
contact = 17 7 17 16 (-4.67778,0.25,2.38345) (0.45399,0,0.891007)
contact = 18 7 18 17 (-4.99305,0.25,1.62234) (0.309017,0,0.951057)
contact = 19 1 19 18 (-5.18731,0.25,0.820647) (0.150159,0,0.988662)
subcontact = (-5.43666,-2.63462e-06,0.855987) 5243.26 (1036.07,0.762253,-171.294) 8 -0.00503354 (-0.0035816,-2.63437e-06,0.000568034) 251677 50406.7 0.0208333
face centroid = (-5.18536,0.25,0.821281)
subcontact = (-5.43667,0.499997,0.855984) 10493.5 (2075.29,1.52453,-343.072) 7 -0.00503691 (-0.00358703,-2.63441e-06,0.000568866) 251845 50483 0.0416667
face centroid = (-5.18536,0.25,0.821281)
subcontact = (-4.94232,0.500003,0.780988) 1852.09 (1041.24,-0.827179,-172.13) 6 -0.001778 (-0.00359945,2.85875e-06,0.000570835) 88900.3 50657.8 0.0208333
face centroid = (-5.18536,0.25,0.821281)
subcontact = (-4.94232,2.85902e-06,0.78099) 3697.17 (2079.34,-1.65438,-343.774) 5 -0.00177464 (-0.00359402,2.85879e-06,0.000570003) 88732.2 50581.5 0.0416667
face centroid = (-5.18536,0.25,0.821281)
subcontact = (-4.93844,0,0.782172) 1828.04 (1039.69,-0.838848,-171.891) 4 -0.00175492 (-0.0035941,2.8991e-06,0.000570015) 87747.7 50583.7 0.0208329
face centroid = (-5.18949,0.25,0.818487)
subcontact = (-4.93844,0.5,0.782172) 3663.08 (2082.53,-1.67769,-344.268) 3 -0.00175828 (-0.00359953,2.89908e-06,0.000570847) 87915.8 50660 0.0416658
face centroid = (-5.18949,0.25,0.818487)
subcontact = (-5.43229,0.5,0.86039) 5226.25 (1037.67,0.750578,-171.54) 2 -0.0050172 (-0.00358711,-2.59404e-06,0.000568878) 250865 50485.2 0.0208329
face centroid = (-5.18949,0.25,0.818487)
subcontact = (-5.43229,0,0.86039) 10445.5 (2072.2,1.50115,-342.595) 1 -0.00501384 (-0.00358168,-2.59402e-06,0.000568046) 250697 50408.9 0.0416658
face centroid = (-5.18949,0.25,0.818487)
3dec>log off
**********************************************
* Logging ended at Wed Mar 13 16:56:50 2024
**********************************************
**********************************************
* Logging started at Wed Mar 13 16:56:52 2024
* By 3dec Version 7.00 Release 159
* 
* 
* Job Title: 
**********************************************
3dec>log-file 'Displacement_step_3_distance_0.003m.txt'
**********************************************
* Logging ended at Wed Mar 13 16:56:52 2024
**********************************************
