**********************************************
* Logging started at Wed Apr 24 09:09:33 2024
* By 3dec Version 7.00 Release 159
* 
* 
* Job Title: 
**********************************************
3dec>log-file 'init_state.txt'
**********************************************
* Logging ended at Wed Apr 24 09:09:33 2024
**********************************************
**********************************************
* Logging started at Wed Apr 24 09:09:34 2024
* By 3dec Version 7.00 Release 159
* 
* 
* Job Title: 
**********************************************
3dec>@contacts_output
contact = 1 1 1 0 (0.956659,0.25,0.352926) (0.926385,0,-0.376579)
subcontact = (0.971574,0,0.390072) 93.4104 (-3.64414,0.00254518,-8.96459) 32 -0.000140116 (2.09102e-05,-1.3744e-08,5.1439e-05) 28023.1 2903.09 0.00333333
face centroid = (0.956714,0.25,0.352874)
subcontact = (0.971574,0.5,0.390072) 186.865 (-7.28678,0.00509035,-17.9255) 31 -0.000140149 (2.09061e-05,-1.3744e-08,5.1429e-05) 28029.7 2902.49 0.00666667
face centroid = (0.956714,0.25,0.352874)
subcontact = (0.941448,0.5,0.315961) 228.877 (-3.73679,0.00286224,-9.19251) 30 -0.000343315 (2.0809e-05,-1.54561e-08,5.11901e-05) 68663 2976.9 0.00333333
face centroid = (0.956714,0.25,0.352874)
subcontact = (0.941448,0,0.315961) 457.709 (-7.47509,0.00572447,-18.3887) 29 -0.000343282 (2.0813e-05,-1.54561e-08,5.12001e-05) 68656.3 2977.5 0.00666667
face centroid = (0.956714,0.25,0.352874)
subcontact = (0.941745,1.54573e-08,0.315781) 228.944 (-3.73754,0.00286247,-9.19435) 28 -0.000343417 (2.0813e-05,-1.54573e-08,5.11999e-05) 68683.5 2977.5 0.00333332
face centroid = (0.956511,0.25,0.353017)
subcontact = (0.941745,0.5,0.315781) 457.933 (-7.47357,0.00572493,-18.385) 27 -0.00034345 (2.08089e-05,-1.54573e-08,5.11899e-05) 68690.1 2976.9 0.00666665
face centroid = (0.956511,0.25,0.353017)
subcontact = (0.971683,0.5,0.389968) 93.5226 (-3.64339,0.00254541,-8.96275) 26 -0.000140284 (2.0906e-05,-1.37452e-08,5.14289e-05) 28056.9 2902.5 0.00333332
face centroid = (0.956511,0.25,0.353017)
subcontact = (0.971683,1.37452e-08,0.389968) 187.001 (-7.28829,0.00509081,-17.9292) 25 -0.000140251 (2.09101e-05,-1.37452e-08,5.14389e-05) 28050.2 2903.1 0.00666665
face centroid = (0.956511,0.25,0.353017)
contact = 2 1 2 1 (0.325838,0.25,0.51723) (0.99173,-5.76505e-13,-0.128345)
subcontact = (0.330814,5.91215e-08,0.556931) 215.134 (-0.558569,0.00284614,-4.31609) 24 -0.000322701 (3.01628e-06,-1.53692e-08,2.33069e-05) 64540.4 1305.63 0.00333332
face centroid = (0.325997,0.25,0.517197)
subcontact = (0.330814,0.5,0.556931) 430.284 (-1.1176,0.00569227,-8.63575) 23 -0.000322713 (3.01752e-06,-1.53692e-08,2.33165e-05) 64542.8 1306.17 0.00666665
face centroid = (0.325997,0.25,0.517197)
subcontact = (0.320748,0.5,0.477567) 79.7172 (-0.564931,0.00256135,-4.36525) 22 -0.000119576 (3.05063e-06,-1.38313e-08,2.35724e-05) 23915.2 1320.5 0.00333332
face centroid = (0.325997,0.25,0.517197)
subcontact = (0.320748,5.94266e-08,0.477567) 159.419 (-1.1294,0.00512271,-8.72694) 21 -0.000119564 (3.04939e-06,-1.38313e-08,2.35628e-05) 23912.9 1319.96 0.00666665
face centroid = (0.325997,0.25,0.517197)
subcontact = (0.320863,7.32577e-08,0.477528) 79.6838 (-0.564703,0.00256129,-4.36348) 20 -0.000119526 (3.04939e-06,-1.3831e-08,2.35628e-05) 23905.1 1319.96 0.00333333
face centroid = (0.325781,0.25,0.517249)
subcontact = (0.320863,0.5,0.477528) 159.383 (-1.12987,0.00512259,-8.73053) 19 -0.000119537 (3.05064e-06,-1.3831e-08,2.35724e-05) 23907.5 1320.5 0.00666667
face centroid = (0.325781,0.25,0.517249)
subcontact = (0.331131,0.5,0.556866) 215.117 (-0.558802,0.00284608,-4.31789) 18 -0.000322675 (3.01753e-06,-1.53688e-08,2.33166e-05) 64535 1306.17 0.00333333
face centroid = (0.325781,0.25,0.517249)
subcontact = (0.331131,7.44904e-08,0.556866) 430.218 (-1.11714,0.00569216,-8.63221) 17 -0.000322663 (3.01628e-06,-1.53688e-08,2.3307e-05) 64532.6 1305.63 0.00666667
face centroid = (0.325781,0.25,0.517249)
contact = 3 1 3 2 (-0.325874,0.25,0.517225) (0.991844,0.000310154,0.12746)
subcontact = (-0.331131,1.34304e-07,0.556866) 215.121 (-0.577259,-0.0470941,4.45594) 16 -0.000322681 (3.10485e-06,2.54309e-07,-2.40637e-05) 64536.3 1348.03 0.00333333
face centroid = (-0.325781,0.25,0.517249)
subcontact = (-0.331131,0.5,0.556866) 430.228 (-1.1554,-0.0941871,8.91878) 15 -0.000322671 (3.10724e-06,2.54305e-07,-2.40823e-05) 64534.2 1349.07 0.00666666
face centroid = (-0.325781,0.25,0.517249)
subcontact = (-0.320863,0.5,0.477528) 79.6799 (-0.581014,-0.0389386,4.48506) 14 -0.00011952 (3.1251e-06,2.10269e-07,-2.42209e-05) 23904 1356.81 0.00333333
face centroid = (-0.325781,0.25,0.517249)
subcontact = (-0.320863,1.31216e-07,0.477528) 159.374 (-1.16114,-0.0778784,8.96324) 13 -0.00011953 (3.12271e-06,2.10272e-07,-2.42023e-05) 23906 1355.77 0.00666666
face centroid = (-0.325781,0.25,0.517249)
subcontact = (-0.320748,-5.69661e-08,0.477567) 79.713 (-0.58057,-0.0389412,4.48161) 12 -0.00011957 (3.1227e-06,2.10283e-07,-2.42023e-05) 23913.9 1355.77 0.00333333
face centroid = (-0.325997,0.25,0.517197)
subcontact = (-0.320748,0.5,0.477567) 159.412 (-1.16203,-0.0778812,8.97011) 11 -0.000119559 (3.1251e-06,2.10279e-07,-2.42209e-05) 23911.9 1356.81 0.00666666
face centroid = (-0.325997,0.25,0.517197)
subcontact = (-0.330814,0.5,0.556931) 215.14 (-0.577701,-0.0470955,4.45938) 10 -0.00032271 (3.10724e-06,2.54316e-07,-2.40823e-05) 64542.1 1349.07 0.00333333
face centroid = (-0.325997,0.25,0.517197)
subcontact = (-0.330814,-5.68947e-08,0.556931) 430.294 (-1.15452,-0.0941923,8.91188) 9 -0.000322721 (3.10485e-06,2.54319e-07,-2.40637e-05) 64544.2 1348.03 0.00666666
face centroid = (-0.325997,0.25,0.517197)
contact = 4 1 4 3 (-0.956659,0.25,0.352926) (0.926385,0,0.376579)
subcontact = (-0.971683,-1.38972e-08,0.389968) 93.5363 (-3.64324,0.00257356,8.96236) 8 -0.000140305 (2.09052e-05,-1.38972e-08,-5.14268e-05) 28061 2902.38 0.00333332
face centroid = (-0.956511,0.25,0.353017)
subcontact = (-0.971683,0.5,0.389968) 187.031 (-7.28771,0.00514712,17.9278) 7 -0.000140273 (2.09085e-05,-1.38972e-08,-5.1435e-05) 28054.7 2902.87 0.00666665
face centroid = (-0.956511,0.25,0.353017)
subcontact = (-0.941745,0.5,0.315781) 228.93 (-3.73725,0.00283369,9.19365) 6 -0.000343395 (2.08114e-05,-1.53019e-08,-5.11961e-05) 68679.2 2977.28 0.00333332
face centroid = (-0.956511,0.25,0.353017)
subcontact = (-0.941745,-1.53019e-08,0.315781) 457.902 (-7.47327,0.00566738,18.3843) 5 -0.000343427 (2.08081e-05,-1.53019e-08,-5.11879e-05) 68685.5 2976.78 0.00666665
face centroid = (-0.956511,0.25,0.353017)
subcontact = (-0.941448,0,0.315961) 228.861 (-3.73664,0.0028335,9.19214) 4 -0.000343292 (2.08082e-05,-1.53009e-08,-5.11881e-05) 68658.4 2976.78 0.00333333
face centroid = (-0.956714,0.25,0.352874)
subcontact = (-0.941448,0.5,0.315961) 457.68 (-7.47452,0.005667,18.3873) 3 -0.00034326 (2.08115e-05,-1.53009e-08,-5.11963e-05) 68652.1 2977.27 0.00666667
face centroid = (-0.956714,0.25,0.352874)
subcontact = (-0.971574,0.5,0.390072) 93.4252 (-3.64385,0.00257337,8.96387) 2 -0.000140138 (2.09086e-05,-1.38962e-08,-5.14352e-05) 28027.6 2902.86 0.00333333
face centroid = (-0.956714,0.25,0.352874)
subcontact = (-0.971574,0,0.390072) 186.893 (-7.28646,0.00514674,17.9247) 1 -0.000140169 (2.09053e-05,-1.38962e-08,-5.14269e-05) 28033.9 2902.36 0.00666667
face centroid = (-0.956714,0.25,0.352874)
3dec>log off
**********************************************
* Logging ended at Wed Apr 24 09:09:34 2024
**********************************************
