**********************************************
* Logging started at Wed Mar 13 16:56:52 2024
* By 3dec Version 7.00 Release 159
* 
* 
* Job Title: 
**********************************************
3dec>@contacts_output
contact = 1 1 1 0 (4.94192,0.500585,0.785143) (0.149455,0,-0.988769)
subcontact = (5.43229,0.00059057,0.861866) 5360.59 (1043.37,1.36308,169.278) 112 -0.00514618 (-0.00360902,-4.71089e-06,-0.000565507) 257315 50737.8 0.0208328
face centroid = (5.1895,0.25059,0.819965)
subcontact = (5.43229,0.500591,0.861866) 10712.4 (2081.1,2.72621,337.688) 111 -0.00514196 (-0.00359929,-4.71098e-06,-0.000564021) 257104 50601.1 0.0416656
face centroid = (5.1895,0.25059,0.819965)
subcontact = (4.93844,0.500591,0.783649) 1677.82 (1040.79,-1.48667,168.883) 110 -0.0016107 (-0.00360011,5.13804e-06,-0.00056415) 80537.3 50612.7 0.0208328
face centroid = (5.1895,0.25059,0.819965)
subcontact = (4.93844,0.00059057,0.783649) 3364.42 (2087.21,-2.9734,338.634) 109 -0.00161491 (-0.00360985,5.13813e-06,-0.000565636) 80748.2 50749.4 0.0416656
face centroid = (5.1895,0.25059,0.819965)
subcontact = (4.94231,0.000585496,0.7826) 1703.64 (1043.61,-1.46809,169.317) 108 -0.0016355 (-0.00360984,5.07372e-06,-0.000565636) 81774.6 50748.3 0.0208333
face centroid = (5.18536,0.250591,0.822757)
subcontact = (4.9423,0.500585,0.782602) 3398.46 (2081.59,-2.93616,337.766) 107 -0.00163127 (-0.00360011,5.07368e-06,-0.00056415) 81563.1 50611.5 0.0416667
face centroid = (5.18536,0.250591,0.822757)
subcontact = (5.43668,0.500595,0.85733) 5377.66 (1040.55,1.38181,168.844) 106 -0.00516256 (-0.00359929,-4.77553e-06,-0.00056402) 258128 50599.9 0.0208333
face centroid = (5.18536,0.250591,0.822757)
subcontact = (5.43669,0.000595345,0.857327) 10764.1 (2086.74,2.7636,338.557) 105 -0.00516679 (-0.00360902,-4.7755e-06,-0.000565506) 258339 50736.6 0.0416667
face centroid = (5.18536,0.250591,0.822757)
contact = 2 7 2 1 (4.99305,0.25,1.62234) (0.309017,0,-0.951057)
contact = 3 7 3 2 (4.67778,0.25,2.38345) (0.45399,0,-0.891007)
contact = 4 1 4 3 (4.26746,0.250569,3.09104) (0.590624,-0.00170896,-0.806945)
subcontact = (4.47078,0.000562483,3.23664) 106.099 (-31.6544,2.7912,-21.9697) 104 -0.000101829 (0.0001084,-9.6465e-06,7.72792e-05) 5093.05 1854.46 0.0208321
face centroid = (4.26891,0.250574,3.08894)
subcontact = (4.47077,0.500562,3.23664) 202.424 (-60.1337,5.57768,-41.6154) 103 -9.71376e-05 (0.000102914,-9.63834e-06,7.32634e-05) 4858.46 1760.3 0.0416643
face centroid = (4.26891,0.250574,3.08894)
subcontact = (4.0642,0.500556,2.94561) 5318.06 (-35.1116,6.37638,-24.5155) 102 -0.00510538 (0.000120355,-2.2037e-05,8.60692e-05) 255281 2078.3 0.0208321
face centroid = (4.26891,0.250574,3.08894)
subcontact = (4.06421,0.000555621,2.94561) 10645.9 (-73.3983,12.7575,-51.3549) 101 -0.00511007 (0.000125842,-2.20451e-05,9.0085e-05) 255516 2171.75 0.0416643
face centroid = (4.26891,0.250574,3.08894)
subcontact = (4.06709,0.000573963,2.94139) 5327.13 (-36.6999,6.38258,-25.678) 100 -0.00511406 (0.000125854,-2.20582e-05,9.00937e-05) 255703 2171.7 0.0208333
face centroid = (4.26749,0.250559,3.09112)
subcontact = (4.06709,0.500574,2.9414) 10644.4 (-70.2245,12.7604,-49.032) 99 -0.00510932 (0.000120367,-2.205e-05,8.60776e-05) 255466 2078.25 0.0416666
face centroid = (4.26749,0.250559,3.09112)
subcontact = (4.47072,0.500574,3.23649) 105.221 (-30.0672,2.79261,-20.8079) 98 -0.000101011 (0.000102924,-9.65126e-06,7.32714e-05) 5050.6 1760.24 0.0208333
face centroid = (4.26749,0.250559,3.09112)
subcontact = (4.47073,0.000573945,3.23647) 220.309 (-63.3096,5.58999,-43.94) 97 -0.000105747 (0.000108411,-9.65952e-06,7.72875e-05) 5287.42 1854.39 0.0416666
face centroid = (4.26749,0.250559,3.09112)
contact = 5 1 5 4 (3.64443,0.25042,3.62403) (0.715054,3.50001e-05,-0.699069)
subcontact = (3.90829,0.00055161,3.89108) 240.017 (-116.749,1.6168,-116.117) 96 -0.000230403 (0.000672702,-6.58508e-06,0.000677839) 11521.2 7904.45 0.0208326
face centroid = (3.733,0.250553,3.71147)
subcontact = (3.90828,0.500552,3.89109) 470.244 (-227.83,3.17957,-226.73) 95 -0.000225704 (0.000681915,-6.58542e-06,0.000687249) 11286.3 7714.81 0.0416652
face centroid = (3.733,0.250553,3.71147)
subcontact = (3.55577,0.500554,3.5365) 4583.4 (-198.564,-1.87465,-197.201) 94 -0.00440009 (0.000681202,6.47946e-06,0.000686578) 220011 13433.5 0.0208326
face centroid = (3.733,0.250553,3.71147)
subcontact = (3.55578,0.000553658,3.53649) 9176.58 (-391.791,-3.74951,-388.96) 93 -0.00440479 (0.000671989,6.4798e-06,0.000677168) 220246 13250.6 0.0416652
face centroid = (3.733,0.250553,3.71147)
subcontact = (3.55824,0.000547157,3.53271) 4594.43 (-195.897,-1.88157,-194.481) 92 -0.00441066 (0.000671989,6.50315e-06,0.000677168) 220533 13250.3 0.0208333
face centroid = (3.73203,0.250553,3.71379)
subcontact = (3.55822,0.500547,3.53271) 9179.1 (-397.13,-3.76302,-394.404) 91 -0.00440597 (0.000681203,6.50295e-06,0.000686578) 220298 13433.2 0.0416667
face centroid = (3.73203,0.250553,3.71379)
subcontact = (3.90776,0.500558,3.89024) 241.202 (-116.95,1.59135,-116.365) 90 -0.000231555 (0.000681916,-6.56233e-06,0.00068725) 11577.7 7919.36 0.0208333
face centroid = (3.73203,0.250553,3.71379)
subcontact = (3.90778,0.000558169,3.89023) 492.173 (-239.559,3.23576,-238.222) 89 -0.000236243 (0.000672702,-6.56213e-06,0.00067784) 11812.1 8108.61 0.0416667
face centroid = (3.73203,0.250553,3.71379)
contact = 6 1 6 5 (3.0288,0.250365,4.13647) (0.818452,4.62604e-05,-0.574575)
subcontact = (3.24522,0.000526563,4.44329) 854.482 (-181.161,0.345109,-246.532) 88 -0.000820304 (0.000616846,-1.19179e-06,0.000858752) 41015.6 14685.2 0.0208331
face centroid = (3.10161,0.250522,4.23732)
subcontact = (3.24519,0.500527,4.44329) 1700.46 (-363.488,0.690297,-494.691) 87 -0.000816224 (0.000618847,-1.19192e-06,0.000861573) 40811.6 14733.2 0.0416662
face centroid = (3.10161,0.250522,4.23732)
subcontact = (2.95589,0.500518,4.03549) 3418.22 (-180.411,-0.646423,-245.488) 86 -0.0032815 (0.000614274,2.23497e-06,0.000855131) 164077 14623.5 0.0208331
face centroid = (3.10161,0.250522,4.23732)
subcontact = (2.95591,0.000518425,4.03548) 6844.94 (-359.657,-1.29293,-489.35) 85 -0.00328558 (0.000612273,2.23511e-06,0.00085231) 164281 14575.5 0.0416662
face centroid = (3.10161,0.250522,4.23732)
subcontact = (2.95798,0.0005162,4.03271) 3427.18 (-179.826,-0.648189,-244.671) 84 -0.0032901 (0.000612264,2.24107e-06,0.000852297) 164505 14575.1 0.0208333
face centroid = (3.10055,0.250522,4.23939)
subcontact = (2.95795,0.500516,4.03271) 6845.88 (-360.818,-1.29629,-490.97) 83 -0.00328603 (0.000614265,2.24092e-06,0.000855118) 164301 14623.1 0.0416667
face centroid = (3.10055,0.250522,4.23939)
subcontact = (3.24524,0.500528,4.44194) 854.952 (-181.742,0.343441,-247.342) 82 -0.000820754 (0.000618838,-1.18601e-06,0.00086156) 41037.7 14732.8 0.0208333
face centroid = (3.10055,0.250522,4.23939)
subcontact = (3.24527,0.000527696,4.44193) 1718.39 (-362.318,0.686796,-493.057) 81 -0.000824829 (0.000616837,-1.18586e-06,0.000858739) 41241.4 14684.8 0.0416667
face centroid = (3.10055,0.250522,4.23939)
contact = 7 1 7 6 (2.39279,0.250482,4.65546) (0.898631,1.77649e-06,-0.438705)
subcontact = (2.50217,0.000486334,4.88087) 1654.57 (-138.961,0.280568,-269.976) 80 -0.00158839 (0.000470341,-9.69646e-07,0.000938087) 79419.6 14574.7 0.0208333
face centroid = (2.39346,0.250482,4.65453)
subcontact = (2.50215,0.500486,4.88087) 3302.03 (-278.532,0.561001,-541.167) 79 -0.00158498 (0.000471383,-9.69412e-07,0.000940192) 79248.9 14607.4 0.0416667
face centroid = (2.39346,0.250482,4.65453)
subcontact = (2.28241,0.500479,4.43174) 2147.42 (-140.181,-0.391229,-272.348) 78 -0.00206153 (0.000474471,1.35209e-06,0.000946329) 103076 14702.8 0.0208333
face centroid = (2.39346,0.250482,4.65453)
subcontact = (2.28244,0.000478598,4.43174) 4301.95 (-279.752,-0.782323,-543.482) 77 -0.00206494 (0.000473429,1.35186e-06,0.000944224) 103247 14670.2 0.0416667
face centroid = (2.39346,0.250482,4.65453)
subcontact = (2.28382,0.000477221,4.42986) 2153.03 (-139.877,-0.392236,-271.743) 76 -0.00206691 (0.000473432,1.35557e-06,0.000944229) 103345 14670.3 0.0208333
face centroid = (2.39229,0.250482,4.65631)
subcontact = (2.28379,0.500477,4.42987) 4298.94 (-280.363,-0.784602,-544.701) 75 -0.0020635 (0.000474474,1.35579e-06,0.000946334) 103175 14702.9 0.0416667
face centroid = (2.39229,0.250482,4.65631)
subcontact = (2.50309,0.500487,4.87921) 1653.07 (-139.267,0.279431,-270.585) 74 -0.00158695 (0.000471386,-9.65713e-07,0.000940197) 79347.3 14607.5 0.0208333
face centroid = (2.39229,0.250482,4.65631)
subcontact = (2.50312,0.000487278,4.8792) 3313.25 (-277.924,0.558991,-539.956) 73 -0.00159036 (0.000470344,-9.65938e-07,0.000938093) 79518 14574.8 0.0416667
face centroid = (2.39229,0.250482,4.65631)
contact = 8 1 8 7 (1.62739,0.250435,4.95612) (0.955413,3.61446e-07,-0.295272)
subcontact = (1.70021,0.000437614,5.19572) 2405.58 (-73.7384,0.194333,-224.751) 72 -0.00230937 (0.000248113,-6.71618e-07,0.000778896) 115468 11353.9 0.0208333
face centroid = (1.62837,0.250435,4.95537)
subcontact = (1.70018,0.500438,5.19573) 4805.71 (-147.766,0.388537,-450.402) 71 -0.00230674 (0.000248604,-6.71395e-07,0.000780454) 115337 11376.6 0.0416665
face centroid = (1.62837,0.250435,4.95537)
subcontact = (1.55387,0.500432,4.71761) 1036.86 (-75.9143,-0.299645,-231.43) 70 -0.000995383 (0.000255457,1.03557e-06,0.000802034) 49769.3 11691.1 0.0208333
face centroid = (1.62837,0.250435,4.95537)
subcontact = (1.5539,0.000432073,4.71761) 2079.17 (-151.54,-0.599161,-461.959) 69 -0.000998004 (0.000254966,1.03535e-06,0.000800475) 49900.3 11668.4 0.0416665
face centroid = (1.62837,0.250435,4.95537)
subcontact = (1.5546,0.000431022,4.7165) 1039.58 (-75.7721,-0.300175,-230.987) 68 -0.000997994 (0.000254973,1.0374e-06,0.000800496) 49899.7 11668.7 0.0208333
face centroid = (1.62704,0.250435,4.95667)
subcontact = (1.55457,0.500431,4.71651) 2073.69 (-151.833,-0.600474,-462.874) 67 -0.000995372 (0.000255464,1.03761e-06,0.000802055) 49768.6 11691.4 0.0416667
face centroid = (1.62704,0.250435,4.95667)
subcontact = (1.70213,0.500438,5.19423) 2402.85 (-73.8851,0.19368,-225.208) 66 -0.00230674 (0.00024861,-6.69364e-07,0.000780476) 115337 11376.9 0.0208333
face centroid = (1.62704,0.250435,4.95667)
subcontact = (1.70217,0.00043827,5.19423) 4811.16 (-147.481,0.387485,-449.516) 65 -0.00230936 (0.00024812,-6.6958e-07,0.000778917) 115468 11354.2 0.0416667
face centroid = (1.62704,0.250435,4.95667)
contact = 9 1 9 8 (0.824689,0.250381,5.13572) (0.989024,3.17513e-07,-0.147753)
subcontact = (0.860118,0.000382387,5.38346) 2935.56 (-22.6771,0.208581,-140.186) 64 -0.00281814 (7.54434e-05,-7.20869e-07,0.00048494) 140909 6816.51 0.020833
face centroid = (0.826044,0.250381,5.13526)
subcontact = (0.860085,0.500382,5.38347) 5867.5 (-45.5215,0.417063,-281.418) 63 -0.00281641 (7.57233e-05,-7.20696e-07,0.000486749) 140822 6841.93 0.041666
face centroid = (0.826044,0.250381,5.13526)
subcontact = (0.789068,0.50038,4.88853) 281.254 (-19.0745,-0.313876,-118.668) 62 -0.00027 (8.03296e-05,1.271e-06,0.000516526) 13500.4 5769.29 0.020833
face centroid = (0.826044,0.250381,5.13526)
subcontact = (0.789101,0.000380219,4.88853) 566.118 (-38.1554,-0.628996,-237.341) 61 -0.000271733 (8.00498e-05,1.27082e-06,0.000514717) 13587.1 5769.44 0.041666
face centroid = (0.826044,0.250381,5.13526)
subcontact = (0.789293,0.000378942,4.88797) 282.585 (-18.9986,-0.314204,-118.192) 60 -0.000271281 (8.00527e-05,1.27212e-06,0.000514736) 13564.1 5746.07 0.0208333
face centroid = (0.824593,0.250381,5.136)
subcontact = (0.789258,0.500379,4.88798) 561.558 (-37.9905,-0.627146,-236.377) 59 -0.000269547 (8.03325e-05,1.27229e-06,0.000516545) 13477.4 5745.87 0.0416667
face centroid = (0.824593,0.250381,5.136)
subcontact = (0.862795,0.500383,5.38254) 2933.3 (-22.7618,0.208169,-140.716) 58 -0.00281597 (7.57261e-05,-7.19429e-07,0.000486768) 140798 6842.15 0.0208333
face centroid = (0.824593,0.250381,5.136)
subcontact = (0.862829,0.000383102,5.38254) 5870.21 (-45.3563,0.416433,-280.385) 57 -0.0028177 (7.54463e-05,-7.19595e-07,0.000484959) 140885 6816.73 0.0416667
face centroid = (0.824593,0.250381,5.136)
contact = 10 1 10 9 (0.00221292,0.250322,5.31716) (0.99996,-2.27368e-06,-0.00892696)
subcontact = (0.00183695,0.000323398,5.4421) 3138.53 (-0.0523591,-0.0977005,33.1066) 56 -0.003013 (-4.20268e-07,3.37736e-07,-0.000114418) 150675 1589.39 0.0208298
face centroid = (0.00260396,0.250321,5.19222)
subcontact = (0.00180234,0.500323,5.4421) 6275.6 (-0.101309,-0.195485,63.6112) 55 -0.0030123 (-4.03145e-07,3.37882e-07,-0.000109921) 150640 1526.94 0.0416596
face centroid = (0.00260396,0.250321,5.19222)
subcontact = (0.00653777,0.500325,4.94212) 0 (0,0,0) 54 0.00618261 (-2.42848e-07,5.46351e-06,-7.58869e-05) 0 0 0.0208298
face centroid = (0.00260396,0.250321,5.19222)
subcontact = (0.00657237,0.000324665,4.94212) 0 (0,0,0) 53 0.00618191 (-2.59971e-07,5.46337e-06,-8.03831e-05) 0 0 0.0416596
face centroid = (0.00260396,0.250321,5.19222)
subcontact = (0.000391784,0.000319203,4.94223) 0 (0,0,0) 52 0.00617972 (-2.60013e-07,5.46242e-06,-8.03924e-05) 0 0 0.0208333
face centroid = (0.00418736,0.250324,5.19211)
subcontact = (0.000356449,0.500319,4.94223) 0 (0,0,0) 51 0.00618045 (-2.42889e-07,5.46256e-06,-7.5896e-05) 0 0 0.0416667
face centroid = (0.00418736,0.250324,5.19211)
subcontact = (0.00481614,0.500323,5.44221) 3140.38 (-0.0506355,-0.0974032,31.809) 50 -0.00301477 (-4.03196e-07,3.36618e-07,-0.000109932) 150738 1526.84 0.0208333
face centroid = (0.00418736,0.250324,5.19211)
subcontact = (0.00485148,0.000323062,5.44221) 6282.29 (-0.10468,-0.194725,66.22) 49 -0.0030155 (-4.2032e-07,3.36477e-07,-0.000114429) 150775 1589.29 0.0416667
face centroid = (0.00418736,0.250324,5.19211)
contact = 11 1 11 10 (-0.819118,0.250263,5.13519) (0.989816,1.39674e-07,0.142351)
subcontact = (-0.856108,0.000261791,5.38217) 2922.43 (-23.0679,0.0770304,139.253) 48 -0.00280554 (7.45865e-05,-2.66215e-07,-0.000482082) 140279 6775.33 0.020833
face centroid = (-0.817767,0.250262,5.13565)
subcontact = (-0.856143,0.500262,5.38217) 5845.34 (-46.0736,0.154043,278.097) 47 -0.00280577 (7.44818e-05,-2.66185e-07,-0.000481375) 140290 6765.41 0.0416661
face centroid = (-0.817767,0.250262,5.13565)
subcontact = (-0.782334,0.500264,4.88765) 295.8 (-24.0529,-0.18237,145.464) 46 -0.000283966 (7.78355e-05,6.30281e-07,-0.000503571) 14198.6 7077.18 0.020833
face centroid = (-0.817767,0.250262,5.13565)
subcontact = (-0.782298,0.000263502,4.88765) 591.117 (-48.168,-0.364722,291.336) 45 -0.000283734 (7.79401e-05,6.30251e-07,-0.000504278) 14187 7087.1 0.0416661
face centroid = (-0.817767,0.250262,5.13565)
subcontact = (-0.782092,0.000262872,4.8882) 296.526 (-24.0833,-0.182148,145.663) 44 -0.000284663 (7.79376e-05,6.29505e-07,-0.000504261) 14233.2 7086.76 0.0208333
face centroid = (-0.819221,0.250263,5.13491)
subcontact = (-0.782127,0.500263,4.8882) 593.533 (-48.1043,-0.364311,290.918) 43 -0.000284894 (7.7833e-05,6.29532e-07,-0.000503554) 14244.8 7076.84 0.0416667
face centroid = (-0.819221,0.250263,5.13491)
subcontact = (-0.853442,0.500262,5.38309) 2923.63 (-23.036,0.0772416,139.044) 42 -0.00280669 (7.44793e-05,-2.66944e-07,-0.000481358) 140334 6765.08 0.0208333
face centroid = (-0.819221,0.250263,5.13491)
subcontact = (-0.853407,0.000262057,5.38309) 5846.79 (-46.1344,0.154499,278.496) 41 -0.00280646 (7.45839e-05,-2.66972e-07,-0.000482065) 140323 6775 0.0416667
face centroid = (-0.819221,0.250263,5.13491)
contact = 12 1 12 11 (-1.62108,0.250205,4.95511) (0.956188,5.51323e-07,0.292752)
subcontact = (-1.69534,0.000201512,5.19335) 2381.87 (-77.5547,0.0755957,234.123) 40 -0.0022866 (0.000258799,-2.61251e-07,-0.000812135) 114330 11838.5 0.0208332
face centroid = (-1.62011,0.250204,4.95586)
subcontact = (-1.69538,0.500202,5.19335) 4766.32 (-154.971,0.151213,467.805) 39 -0.00228784 (0.000258562,-2.61288e-07,-0.00081137) 114392 11827.4 0.0416665
face centroid = (-1.62011,0.250204,4.95586)
subcontact = (-1.54752,0.500208,4.71571) 1064.34 (-78.9284,-0.182593,238.336) 38 -0.00102177 (0.000263415,6.31054e-07,-0.000826738) 51088.6 12051.2 0.0208332
face centroid = (-1.62011,0.250204,4.95586)
subcontact = (-1.54749,0.000207832,4.71571) 2126.1 (-157.995,-0.365207,477.115) 37 -0.00102053 (0.000263652,6.31091e-07,-0.000827503) 51026.6 12062.3 0.0416665
face centroid = (-1.62011,0.250204,4.95586)
subcontact = (-1.54677,0.000207191,4.71686) 1063.62 (-78.9959,-0.18221,238.552) 36 -0.00102108 (0.000263646,6.29729e-07,-0.000827485) 51053.8 12062 0.0208333
face centroid = (-1.62143,0.250205,4.95453)
subcontact = (-1.54681,0.500207,4.71685) 2129.82 (-157.853,-0.364397,476.662) 35 -0.00102232 (0.000263409,6.29688e-07,-0.00082672) 51115.7 12050.9 0.0416667
face centroid = (-1.62143,0.250205,4.95453)
subcontact = (-1.69345,0.500202,5.19487) 2383.73 (-77.4837,0.076003,233.897) 34 -0.00228839 (0.000258557,-2.62659e-07,-0.000811352) 114419 11827.1 0.0208333
face centroid = (-1.62143,0.250205,4.95453)
subcontact = (-1.69342,0.000201764,5.19487) 4764.88 (-155.106,0.151982,468.236) 33 -0.00228715 (0.000258793,-2.62618e-07,-0.000812118) 114357 11838.2 0.0416667
face centroid = (-1.62143,0.250205,4.95453)
contact = 13 1 13 12 (-2.38583,0.25015,4.65404) (0.897958,1.50823e-06,0.440081)
subcontact = (-2.49611,0.000144916,4.87779) 1621.68 (-139.718,0.105416,272.496) 32 -0.00155682 (0.00047433,-3.64294e-07,-0.000946084) 77840.8 14698.9 0.0208333
face centroid = (-2.38515,0.25015,4.65497)
subcontact = (-2.49614,0.500145,4.87779) 3247.98 (-279.144,0.210887,544.398) 31 -0.00155903 (0.000473825,-3.64391e-07,-0.000945056) 77951.6 14683 0.0416666
face centroid = (-2.38515,0.25015,4.65497)
subcontact = (-2.27653,0.500156,4.4286) 2186.8 (-139.557,-0.216663,272.139) 30 -0.00209933 (0.000473753,7.48809e-07,-0.00094486) 104967 14680.2 0.0208333
face centroid = (-2.38515,0.25015,4.65497)
subcontact = (-2.27649,0.00015551,4.42861) 4368.99 (-279.406,-0.433382,544.873) 29 -0.00209712 (0.000474258,7.48907e-07,-0.000945888) 104856 14696.1 0.0416666
face centroid = (-2.38515,0.25015,4.65497)
subcontact = (-2.27509,0.000154741,4.4305) 2183.05 (-139.704,-0.216037,272.438) 28 -0.00209573 (0.00047426,7.46647e-07,-0.000945892) 104787 14696.1 0.0208333
face centroid = (-2.38632,0.25015,4.6532)
subcontact = (-2.27512,0.500155,4.4305) 4370.72 (-279.115,-0.432016,544.281) 27 -0.00209795 (0.000473755,7.46545e-07,-0.000944864) 104897 14680.2 0.0416667
face centroid = (-2.38632,0.25015,4.6532)
subcontact = (-2.49522,0.500145,4.87945) 1622.55 (-139.573,0.106099,272.2) 26 -0.00155765 (0.000473827,-3.66655e-07,-0.00094506) 77882.4 14683.1 0.0208333
face centroid = (-2.38632,0.25015,4.6532)
subcontact = (-2.49519,0.00014526,4.87945) 3240.48 (-279.438,0.212139,544.995) 25 -0.00155543 (0.000474332,-3.66554e-07,-0.000946088) 77771.6 14699 0.0416667
face centroid = (-2.38632,0.25015,4.6532)
contact = 14 1 14 13 (-2.94894,0.000109112,4.03187) (0.817981,5.62483e-05,0.575245)
subcontact = (-3.23792,9.49612e-05,4.4399) 818.02 (-184.198,0.0991984,249.554) 24 -0.000785297 (0.000626642,-3.4165e-07,-0.000869689) 39265 14888.2 0.0208333
face centroid = (-3.09308,0.250101,4.23748)
subcontact = (-3.23796,0.500095,4.4399) 1642.54 (-367.728,0.198449,498.162) 23 -0.000788415 (0.00062549,-3.41741e-07,-0.000868054) 39420.9 14860.4 0.0416667
face centroid = (-3.09308,0.250101,4.23748)
subcontact = (-2.95033,0.500109,4.03091) 3470.01 (-180.691,-0.446012,244.699) 22 -0.00333122 (0.000614628,1.54259e-06,-0.000852836) 166561 14600.8 0.0208333
face centroid = (-3.09308,0.250101,4.23748)
subcontact = (-2.9503,0.000109015,4.03091) 6933.53 (-362.049,-0.892077,490.344) 21 -0.0033281 (0.00061578,1.54268e-06,-0.00085447) 166405 14628.5 0.0416667
face centroid = (-3.09308,0.250101,4.23748)
subcontact = (-2.94821,0.000107453,4.03372) 3462.69 (-181.031,-0.444853,245.18) 20 -0.00332418 (0.0006158,1.53859e-06,-0.000854498) 166211 14629.2 0.0208331
face centroid = (-3.09413,0.250102,4.23541)
subcontact = (-2.94824,0.500107,4.03372) 6931.87 (-361.394,-0.889653,489.415) 19 -0.0033273 (0.000614648,1.5385e-06,-0.000852864) 166367 14601.4 0.0416661
face centroid = (-3.09413,0.250102,4.23541)
subcontact = (-3.23794,0.500095,4.44124) 817.169 (-183.87,0.1004,249.089) 18 -0.000784484 (0.00062551,-3.45807e-07,-0.000868082) 39224.6 14861.1 0.0208331
face centroid = (-3.09413,0.250102,4.23541)
subcontact = (-3.23791,9.52741e-05,4.44124) 1627.84 (-368.408,0.200746,499.124) 17 -0.000781366 (0.000626662,-3.45716e-07,-0.000869717) 39068.7 14888.9 0.0416661
face centroid = (-3.09413,0.250102,4.23541)
contact = 15 7 15 14 (-3.71231,0.25,3.71231) (0.707107,0,0.707107)
contact = 16 1 16 15 (-4.06418,3.64398e-05,2.94114) (0.59611,3.99193e-05,0.802903)
subcontact = (-4.46719,1.70434e-05,3.2371) 0 (0,0,0) 16 0.00320414 (0.000327769,-1.30795e-05,-0.000239688) 0 0 0.0208333
face centroid = (-4.26623,0.250033,3.08914)
subcontact = (-4.46722,0.500017,3.2371) 0 (0,0,0) 15 0.00319231 (0.000316251,-1.30799e-05,-0.000231142) 0 0 0.0416667
face centroid = (-4.26623,0.250033,3.08914)
subcontact = (-4.06577,0.500036,2.93904) 5444.77 (-98.5916,-0.323301,71.0676) 14 -0.00522699 (0.000338931,1.11758e-06,-0.000247955) 261349 5833.73 0.0208333
face centroid = (-4.26623,0.250033,3.08914)
subcontact = (-4.06574,3.63338e-05,2.93905) 10864.9 (-203.85,-0.646844,147.079) 13 -0.00521517 (0.000350448,1.118e-06,-0.000256501) 260757 6032.9 0.0416667
face centroid = (-4.26623,0.250033,3.08914)
subcontact = (-4.06302,3.52107e-05,2.94351) 5424.18 (-101.916,-0.319707,73.5326) 12 -0.00520727 (0.000350422,1.1053e-06,-0.000256482) 260398 6033.21 0.0208304
face centroid = (-4.26648,0.250027,3.08807)
subcontact = (-4.06303,0.500035,2.94351) 10873 (-197.166,-0.639267,142.122) 11 -0.0052191 (0.000338904,1.10504e-06,-0.000247936) 260989 5834.03 0.0416608
face centroid = (-4.26648,0.250027,3.08807)
subcontact = (-4.46944,0.50003,3.23476) 0 (0,0,0) 10 0.00319984 (0.000316227,-1.30905e-05,-0.000231124) 0 0 0.0208304
face centroid = (-4.26648,0.250027,3.08807)
subcontact = (-4.46943,3.01219e-05,3.23477) 0 (0,0,0) 9 0.00321167 (0.000327744,-1.30902e-05,-0.00023967) 0 0 0.0416608
face centroid = (-4.26648,0.250027,3.08807)
contact = 17 7 17 16 (-4.67778,0.25,2.38345) (0.45399,0,0.891007)
contact = 18 7 18 17 (-4.99305,0.25,1.62234) (0.309017,0,0.951057)
contact = 19 1 19 18 (-5.18731,0.25,0.820648) (0.150159,0,0.988662)
subcontact = (-5.43666,-3.94159e-06,0.855989) 5240.34 (1035.49,1.14043,-171.205) 8 -0.00503074 (-0.00357958,-3.94134e-06,0.000567727) 251536 50378.3 0.0208333
face centroid = (-5.18536,0.25,0.821281)
subcontact = (-5.43667,0.499996,0.855986) 10490.8 (2075.66,2.28091,-343.129) 7 -0.0050356 (-0.00358767,-3.94143e-06,0.000568963) 251779 50492 0.0416667
face centroid = (-5.18536,0.25,0.821281)
subcontact = (-4.94232,0.500004,0.780985) 1855.01 (1041.42,-1.22786,-172.158) 6 -0.0017808 (-0.00360009,4.2435e-06,0.000570932) 89040.5 50666.8 0.0208333
face centroid = (-5.18536,0.25,0.821281)
subcontact = (-4.94231,4.24382e-06,0.780988) 3699.89 (2078.17,-2.45577,-343.597) 5 -0.00177594 (-0.003592,4.24359e-06,0.000569696) 88797.3 50553.1 0.0416667
face centroid = (-5.18536,0.25,0.821281)
subcontact = (-4.93844,0,0.782172) 1829.43 (1039.11,-1.24522,-171.802) 4 -0.00175625 (-0.00359208,4.30356e-06,0.000569708) 87814.3 50555.3 0.0208329
face centroid = (-5.18949,0.25,0.818487)
subcontact = (-4.93844,0.5,0.782172) 3668.99 (2082.9,-2.49043,-344.324) 3 -0.00176112 (-0.00360017,4.30353e-06,0.000570944) 88057.5 50669 0.0416658
face centroid = (-5.18949,0.25,0.818487)
subcontact = (-5.43229,0.5,0.86039) 5224.92 (1037.86,1.12304,-171.568) 2 -0.00501593 (-0.00358775,-3.88131e-06,0.000568975) 250801 50494.2 0.0208329
face centroid = (-5.18949,0.25,0.818487)
subcontact = (-5.43229,0,0.86039) 10439.7 (2071.03,2.24607,-342.418) 1 -0.00501106 (-0.00357966,-3.88128e-06,0.00056774) 250558 50380.5 0.0416658
face centroid = (-5.18949,0.25,0.818487)
3dec>log off
**********************************************
* Logging ended at Wed Mar 13 16:56:52 2024
**********************************************
**********************************************
* Logging started at Thu Mar 14 08:51:53 2024
* By 3dec Version 7.00 Release 159
* 
* 
* Job Title: 
**********************************************
3dec>log-file 'Displacement_step_1_distance_0.001m.txt'
**********************************************
* Logging ended at Thu Mar 14 08:51:53 2024
**********************************************
**********************************************
* Logging started at Thu Mar 14 08:51:58 2024
* By 3dec Version 7.00 Release 159
* 
* 
* Job Title: 
**********************************************
3dec>@contacts_output
contact = 1 1 1 0 (4.94192,0.500585,0.785143) (0.149455,0,-0.988769)
subcontact = (5.43229,0.00059057,0.861866) 5360.59 (1043.37,1.36308,169.278) 112 -0.00514618 (-0.00360902,-4.71089e-06,-0.000565507) 257315 50737.8 0.0208328
face centroid = (5.1895,0.25059,0.819965)
subcontact = (5.43229,0.500591,0.861866) 10712.4 (2081.1,2.72621,337.688) 111 -0.00514196 (-0.00359929,-4.71098e-06,-0.000564021) 257104 50601.1 0.0416656
face centroid = (5.1895,0.25059,0.819965)
subcontact = (4.93844,0.500591,0.783649) 1677.82 (1040.79,-1.48667,168.883) 110 -0.0016107 (-0.00360011,5.13804e-06,-0.00056415) 80537.3 50612.7 0.0208328
face centroid = (5.1895,0.25059,0.819965)
subcontact = (4.93844,0.00059057,0.783649) 3364.42 (2087.21,-2.9734,338.634) 109 -0.00161491 (-0.00360985,5.13813e-06,-0.000565636) 80748.2 50749.4 0.0416656
face centroid = (5.1895,0.25059,0.819965)
subcontact = (4.94231,0.000585496,0.7826) 1703.64 (1043.61,-1.46809,169.317) 108 -0.0016355 (-0.00360984,5.07372e-06,-0.000565636) 81774.6 50748.3 0.0208333
face centroid = (5.18536,0.250591,0.822757)
subcontact = (4.9423,0.500585,0.782602) 3398.46 (2081.59,-2.93616,337.766) 107 -0.00163127 (-0.00360011,5.07368e-06,-0.00056415) 81563.1 50611.5 0.0416667
face centroid = (5.18536,0.250591,0.822757)
subcontact = (5.43668,0.500595,0.85733) 5377.66 (1040.55,1.38181,168.844) 106 -0.00516256 (-0.00359929,-4.77553e-06,-0.00056402) 258128 50599.9 0.0208333
face centroid = (5.18536,0.250591,0.822757)
subcontact = (5.43669,0.000595345,0.857327) 10764.1 (2086.74,2.7636,338.557) 105 -0.00516679 (-0.00360902,-4.7755e-06,-0.000565506) 258339 50736.6 0.0416667
face centroid = (5.18536,0.250591,0.822757)
contact = 2 7 2 1 (4.99305,0.25,1.62234) (0.309017,0,-0.951057)
contact = 3 7 3 2 (4.67778,0.25,2.38345) (0.45399,0,-0.891007)
contact = 4 1 4 3 (4.26746,0.250569,3.09104) (0.590624,-0.00170896,-0.806945)
subcontact = (4.47078,0.000562483,3.23664) 106.099 (-31.6544,2.7912,-21.9697) 104 -0.000101829 (0.0001084,-9.6465e-06,7.72792e-05) 5093.05 1854.46 0.0208321
face centroid = (4.26891,0.250574,3.08894)
subcontact = (4.47077,0.500562,3.23664) 202.424 (-60.1337,5.57768,-41.6154) 103 -9.71376e-05 (0.000102914,-9.63834e-06,7.32634e-05) 4858.46 1760.3 0.0416643
face centroid = (4.26891,0.250574,3.08894)
subcontact = (4.0642,0.500556,2.94561) 5318.06 (-35.1116,6.37638,-24.5155) 102 -0.00510538 (0.000120355,-2.2037e-05,8.60692e-05) 255281 2078.3 0.0208321
face centroid = (4.26891,0.250574,3.08894)
subcontact = (4.06421,0.000555621,2.94561) 10645.9 (-73.3983,12.7575,-51.3549) 101 -0.00511007 (0.000125842,-2.20451e-05,9.0085e-05) 255516 2171.75 0.0416643
face centroid = (4.26891,0.250574,3.08894)
subcontact = (4.06709,0.000573963,2.94139) 5327.13 (-36.6999,6.38258,-25.678) 100 -0.00511406 (0.000125854,-2.20582e-05,9.00937e-05) 255703 2171.7 0.0208333
face centroid = (4.26749,0.250559,3.09112)
subcontact = (4.06709,0.500574,2.9414) 10644.4 (-70.2245,12.7604,-49.032) 99 -0.00510932 (0.000120367,-2.205e-05,8.60776e-05) 255466 2078.25 0.0416666
face centroid = (4.26749,0.250559,3.09112)
subcontact = (4.47072,0.500574,3.23649) 105.221 (-30.0672,2.79261,-20.8079) 98 -0.000101011 (0.000102924,-9.65126e-06,7.32714e-05) 5050.6 1760.24 0.0208333
face centroid = (4.26749,0.250559,3.09112)
subcontact = (4.47073,0.000573945,3.23647) 220.309 (-63.3096,5.58999,-43.94) 97 -0.000105747 (0.000108411,-9.65952e-06,7.72875e-05) 5287.42 1854.39 0.0416666
face centroid = (4.26749,0.250559,3.09112)
contact = 5 1 5 4 (3.64443,0.25042,3.62403) (0.715054,3.50001e-05,-0.699069)
subcontact = (3.90829,0.00055161,3.89108) 240.017 (-116.749,1.6168,-116.117) 96 -0.000230403 (0.000672702,-6.58508e-06,0.000677839) 11521.2 7904.45 0.0208326
face centroid = (3.733,0.250553,3.71147)
subcontact = (3.90828,0.500552,3.89109) 470.244 (-227.83,3.17957,-226.73) 95 -0.000225704 (0.000681915,-6.58542e-06,0.000687249) 11286.3 7714.81 0.0416652
face centroid = (3.733,0.250553,3.71147)
subcontact = (3.55577,0.500554,3.5365) 4583.4 (-198.564,-1.87465,-197.201) 94 -0.00440009 (0.000681202,6.47946e-06,0.000686578) 220011 13433.5 0.0208326
face centroid = (3.733,0.250553,3.71147)
subcontact = (3.55578,0.000553658,3.53649) 9176.58 (-391.791,-3.74951,-388.96) 93 -0.00440479 (0.000671989,6.4798e-06,0.000677168) 220246 13250.6 0.0416652
face centroid = (3.733,0.250553,3.71147)
subcontact = (3.55824,0.000547157,3.53271) 4594.43 (-195.897,-1.88157,-194.481) 92 -0.00441066 (0.000671989,6.50315e-06,0.000677168) 220533 13250.3 0.0208333
face centroid = (3.73203,0.250553,3.71379)
subcontact = (3.55822,0.500547,3.53271) 9179.1 (-397.13,-3.76302,-394.404) 91 -0.00440597 (0.000681203,6.50295e-06,0.000686578) 220298 13433.2 0.0416667
face centroid = (3.73203,0.250553,3.71379)
subcontact = (3.90776,0.500558,3.89024) 241.202 (-116.95,1.59135,-116.365) 90 -0.000231555 (0.000681916,-6.56233e-06,0.00068725) 11577.7 7919.36 0.0208333
face centroid = (3.73203,0.250553,3.71379)
subcontact = (3.90778,0.000558169,3.89023) 492.173 (-239.559,3.23576,-238.222) 89 -0.000236243 (0.000672702,-6.56213e-06,0.00067784) 11812.1 8108.61 0.0416667
face centroid = (3.73203,0.250553,3.71379)
contact = 6 1 6 5 (3.0288,0.250365,4.13647) (0.818452,4.62604e-05,-0.574575)
subcontact = (3.24522,0.000526563,4.44329) 854.482 (-181.161,0.345109,-246.532) 88 -0.000820304 (0.000616846,-1.19179e-06,0.000858752) 41015.6 14685.2 0.0208331
face centroid = (3.10161,0.250522,4.23732)
subcontact = (3.24519,0.500527,4.44329) 1700.46 (-363.488,0.690297,-494.691) 87 -0.000816224 (0.000618847,-1.19192e-06,0.000861573) 40811.6 14733.2 0.0416662
face centroid = (3.10161,0.250522,4.23732)
subcontact = (2.95589,0.500518,4.03549) 3418.22 (-180.411,-0.646423,-245.488) 86 -0.0032815 (0.000614274,2.23497e-06,0.000855131) 164077 14623.5 0.0208331
face centroid = (3.10161,0.250522,4.23732)
subcontact = (2.95591,0.000518425,4.03548) 6844.94 (-359.657,-1.29293,-489.35) 85 -0.00328558 (0.000612273,2.23511e-06,0.00085231) 164281 14575.5 0.0416662
face centroid = (3.10161,0.250522,4.23732)
subcontact = (2.95798,0.0005162,4.03271) 3427.18 (-179.826,-0.648189,-244.671) 84 -0.0032901 (0.000612264,2.24107e-06,0.000852297) 164505 14575.1 0.0208333
face centroid = (3.10055,0.250522,4.23939)
subcontact = (2.95795,0.500516,4.03271) 6845.88 (-360.818,-1.29629,-490.97) 83 -0.00328603 (0.000614265,2.24092e-06,0.000855118) 164301 14623.1 0.0416667
face centroid = (3.10055,0.250522,4.23939)
subcontact = (3.24524,0.500528,4.44194) 854.952 (-181.742,0.343441,-247.342) 82 -0.000820754 (0.000618838,-1.18601e-06,0.00086156) 41037.7 14732.8 0.0208333
face centroid = (3.10055,0.250522,4.23939)
subcontact = (3.24527,0.000527696,4.44193) 1718.39 (-362.318,0.686796,-493.057) 81 -0.000824829 (0.000616837,-1.18586e-06,0.000858739) 41241.4 14684.8 0.0416667
face centroid = (3.10055,0.250522,4.23939)
contact = 7 1 7 6 (2.39279,0.250482,4.65546) (0.898631,1.77649e-06,-0.438705)
subcontact = (2.50217,0.000486334,4.88087) 1654.57 (-138.961,0.280568,-269.976) 80 -0.00158839 (0.000470341,-9.69646e-07,0.000938087) 79419.6 14574.7 0.0208333
face centroid = (2.39346,0.250482,4.65453)
subcontact = (2.50215,0.500486,4.88087) 3302.03 (-278.532,0.561001,-541.167) 79 -0.00158498 (0.000471383,-9.69412e-07,0.000940192) 79248.9 14607.4 0.0416667
face centroid = (2.39346,0.250482,4.65453)
subcontact = (2.28241,0.500479,4.43174) 2147.42 (-140.181,-0.391229,-272.348) 78 -0.00206153 (0.000474471,1.35209e-06,0.000946329) 103076 14702.8 0.0208333
face centroid = (2.39346,0.250482,4.65453)
subcontact = (2.28244,0.000478598,4.43174) 4301.95 (-279.752,-0.782323,-543.482) 77 -0.00206494 (0.000473429,1.35186e-06,0.000944224) 103247 14670.2 0.0416667
face centroid = (2.39346,0.250482,4.65453)
subcontact = (2.28382,0.000477221,4.42986) 2153.03 (-139.877,-0.392236,-271.743) 76 -0.00206691 (0.000473432,1.35557e-06,0.000944229) 103345 14670.3 0.0208333
face centroid = (2.39229,0.250482,4.65631)
subcontact = (2.28379,0.500477,4.42987) 4298.94 (-280.363,-0.784602,-544.701) 75 -0.0020635 (0.000474474,1.35579e-06,0.000946334) 103175 14702.9 0.0416667
face centroid = (2.39229,0.250482,4.65631)
subcontact = (2.50309,0.500487,4.87921) 1653.07 (-139.267,0.279431,-270.585) 74 -0.00158695 (0.000471386,-9.65713e-07,0.000940197) 79347.3 14607.5 0.0208333
face centroid = (2.39229,0.250482,4.65631)
subcontact = (2.50312,0.000487278,4.8792) 3313.25 (-277.924,0.558991,-539.956) 73 -0.00159036 (0.000470344,-9.65938e-07,0.000938093) 79518 14574.8 0.0416667
face centroid = (2.39229,0.250482,4.65631)
contact = 8 1 8 7 (1.62739,0.250435,4.95612) (0.955413,3.61446e-07,-0.295272)
subcontact = (1.70021,0.000437614,5.19572) 2405.58 (-73.7384,0.194333,-224.751) 72 -0.00230937 (0.000248113,-6.71618e-07,0.000778896) 115468 11353.9 0.0208333
face centroid = (1.62837,0.250435,4.95537)
subcontact = (1.70018,0.500438,5.19573) 4805.71 (-147.766,0.388537,-450.402) 71 -0.00230674 (0.000248604,-6.71395e-07,0.000780454) 115337 11376.6 0.0416665
face centroid = (1.62837,0.250435,4.95537)
subcontact = (1.55387,0.500432,4.71761) 1036.86 (-75.9143,-0.299645,-231.43) 70 -0.000995383 (0.000255457,1.03557e-06,0.000802034) 49769.3 11691.1 0.0208333
face centroid = (1.62837,0.250435,4.95537)
subcontact = (1.5539,0.000432073,4.71761) 2079.17 (-151.54,-0.599161,-461.959) 69 -0.000998004 (0.000254966,1.03535e-06,0.000800475) 49900.3 11668.4 0.0416665
face centroid = (1.62837,0.250435,4.95537)
subcontact = (1.5546,0.000431022,4.7165) 1039.58 (-75.7721,-0.300175,-230.987) 68 -0.000997994 (0.000254973,1.0374e-06,0.000800496) 49899.7 11668.7 0.0208333
face centroid = (1.62704,0.250435,4.95667)
subcontact = (1.55457,0.500431,4.71651) 2073.69 (-151.833,-0.600474,-462.874) 67 -0.000995372 (0.000255464,1.03761e-06,0.000802055) 49768.6 11691.4 0.0416667
face centroid = (1.62704,0.250435,4.95667)
subcontact = (1.70213,0.500438,5.19423) 2402.85 (-73.8851,0.19368,-225.208) 66 -0.00230674 (0.00024861,-6.69364e-07,0.000780476) 115337 11376.9 0.0208333
face centroid = (1.62704,0.250435,4.95667)
subcontact = (1.70217,0.00043827,5.19423) 4811.16 (-147.481,0.387485,-449.516) 65 -0.00230936 (0.00024812,-6.6958e-07,0.000778917) 115468 11354.2 0.0416667
face centroid = (1.62704,0.250435,4.95667)
contact = 9 1 9 8 (0.824689,0.250381,5.13572) (0.989024,3.17513e-07,-0.147753)
subcontact = (0.860118,0.000382387,5.38346) 2935.56 (-22.6771,0.208581,-140.186) 64 -0.00281814 (7.54434e-05,-7.20869e-07,0.00048494) 140909 6816.51 0.020833
face centroid = (0.826044,0.250381,5.13526)
subcontact = (0.860085,0.500382,5.38347) 5867.5 (-45.5215,0.417063,-281.418) 63 -0.00281641 (7.57233e-05,-7.20696e-07,0.000486749) 140822 6841.93 0.041666
face centroid = (0.826044,0.250381,5.13526)
subcontact = (0.789068,0.50038,4.88853) 281.254 (-19.0745,-0.313876,-118.668) 62 -0.00027 (8.03296e-05,1.271e-06,0.000516526) 13500.4 5769.29 0.020833
face centroid = (0.826044,0.250381,5.13526)
subcontact = (0.789101,0.000380219,4.88853) 566.118 (-38.1554,-0.628996,-237.341) 61 -0.000271733 (8.00498e-05,1.27082e-06,0.000514717) 13587.1 5769.44 0.041666
face centroid = (0.826044,0.250381,5.13526)
subcontact = (0.789293,0.000378942,4.88797) 282.585 (-18.9986,-0.314204,-118.192) 60 -0.000271281 (8.00527e-05,1.27212e-06,0.000514736) 13564.1 5746.07 0.0208333
face centroid = (0.824593,0.250381,5.136)
subcontact = (0.789258,0.500379,4.88798) 561.558 (-37.9905,-0.627146,-236.377) 59 -0.000269547 (8.03325e-05,1.27229e-06,0.000516545) 13477.4 5745.87 0.0416667
face centroid = (0.824593,0.250381,5.136)
subcontact = (0.862795,0.500383,5.38254) 2933.3 (-22.7618,0.208169,-140.716) 58 -0.00281597 (7.57261e-05,-7.19429e-07,0.000486768) 140798 6842.15 0.0208333
face centroid = (0.824593,0.250381,5.136)
subcontact = (0.862829,0.000383102,5.38254) 5870.21 (-45.3563,0.416433,-280.385) 57 -0.0028177 (7.54463e-05,-7.19595e-07,0.000484959) 140885 6816.73 0.0416667
face centroid = (0.824593,0.250381,5.136)
contact = 10 1 10 9 (0.00221292,0.250322,5.31716) (0.99996,-2.27368e-06,-0.00892696)
subcontact = (0.00183695,0.000323398,5.4421) 3138.53 (-0.0523591,-0.0977005,33.1066) 56 -0.003013 (-4.20268e-07,3.37736e-07,-0.000114418) 150675 1589.39 0.0208298
face centroid = (0.00260396,0.250321,5.19222)
subcontact = (0.00180234,0.500323,5.4421) 6275.6 (-0.101309,-0.195485,63.6112) 55 -0.0030123 (-4.03145e-07,3.37882e-07,-0.000109921) 150640 1526.94 0.0416596
face centroid = (0.00260396,0.250321,5.19222)
subcontact = (0.00653777,0.500325,4.94212) 0 (0,0,0) 54 0.00618261 (-2.42848e-07,5.46351e-06,-7.58869e-05) 0 0 0.0208298
face centroid = (0.00260396,0.250321,5.19222)
subcontact = (0.00657237,0.000324665,4.94212) 0 (0,0,0) 53 0.00618191 (-2.59971e-07,5.46337e-06,-8.03831e-05) 0 0 0.0416596
face centroid = (0.00260396,0.250321,5.19222)
subcontact = (0.000391784,0.000319203,4.94223) 0 (0,0,0) 52 0.00617972 (-2.60013e-07,5.46242e-06,-8.03924e-05) 0 0 0.0208333
face centroid = (0.00418736,0.250324,5.19211)
subcontact = (0.000356449,0.500319,4.94223) 0 (0,0,0) 51 0.00618045 (-2.42889e-07,5.46256e-06,-7.5896e-05) 0 0 0.0416667
face centroid = (0.00418736,0.250324,5.19211)
subcontact = (0.00481614,0.500323,5.44221) 3140.38 (-0.0506355,-0.0974032,31.809) 50 -0.00301477 (-4.03196e-07,3.36618e-07,-0.000109932) 150738 1526.84 0.0208333
face centroid = (0.00418736,0.250324,5.19211)
subcontact = (0.00485148,0.000323062,5.44221) 6282.29 (-0.10468,-0.194725,66.22) 49 -0.0030155 (-4.2032e-07,3.36477e-07,-0.000114429) 150775 1589.29 0.0416667
face centroid = (0.00418736,0.250324,5.19211)
contact = 11 1 11 10 (-0.819118,0.250263,5.13519) (0.989816,1.39674e-07,0.142351)
subcontact = (-0.856108,0.000261791,5.38217) 2922.43 (-23.0679,0.0770304,139.253) 48 -0.00280554 (7.45865e-05,-2.66215e-07,-0.000482082) 140279 6775.33 0.020833
face centroid = (-0.817767,0.250262,5.13565)
subcontact = (-0.856143,0.500262,5.38217) 5845.34 (-46.0736,0.154043,278.097) 47 -0.00280577 (7.44818e-05,-2.66185e-07,-0.000481375) 140290 6765.41 0.0416661
face centroid = (-0.817767,0.250262,5.13565)
subcontact = (-0.782334,0.500264,4.88765) 295.8 (-24.0529,-0.18237,145.464) 46 -0.000283966 (7.78355e-05,6.30281e-07,-0.000503571) 14198.6 7077.18 0.020833
face centroid = (-0.817767,0.250262,5.13565)
subcontact = (-0.782298,0.000263502,4.88765) 591.117 (-48.168,-0.364722,291.336) 45 -0.000283734 (7.79401e-05,6.30251e-07,-0.000504278) 14187 7087.1 0.0416661
face centroid = (-0.817767,0.250262,5.13565)
subcontact = (-0.782092,0.000262872,4.8882) 296.526 (-24.0833,-0.182148,145.663) 44 -0.000284663 (7.79376e-05,6.29505e-07,-0.000504261) 14233.2 7086.76 0.0208333
face centroid = (-0.819221,0.250263,5.13491)
subcontact = (-0.782127,0.500263,4.8882) 593.533 (-48.1043,-0.364311,290.918) 43 -0.000284894 (7.7833e-05,6.29532e-07,-0.000503554) 14244.8 7076.84 0.0416667
face centroid = (-0.819221,0.250263,5.13491)
subcontact = (-0.853442,0.500262,5.38309) 2923.63 (-23.036,0.0772416,139.044) 42 -0.00280669 (7.44793e-05,-2.66944e-07,-0.000481358) 140334 6765.08 0.0208333
face centroid = (-0.819221,0.250263,5.13491)
subcontact = (-0.853407,0.000262057,5.38309) 5846.79 (-46.1344,0.154499,278.496) 41 -0.00280646 (7.45839e-05,-2.66972e-07,-0.000482065) 140323 6775 0.0416667
face centroid = (-0.819221,0.250263,5.13491)
contact = 12 1 12 11 (-1.62108,0.250205,4.95511) (0.956188,5.51323e-07,0.292752)
subcontact = (-1.69534,0.000201512,5.19335) 2381.87 (-77.5547,0.0755957,234.123) 40 -0.0022866 (0.000258799,-2.61251e-07,-0.000812135) 114330 11838.5 0.0208332
face centroid = (-1.62011,0.250204,4.95586)
subcontact = (-1.69538,0.500202,5.19335) 4766.32 (-154.971,0.151213,467.805) 39 -0.00228784 (0.000258562,-2.61288e-07,-0.00081137) 114392 11827.4 0.0416665
face centroid = (-1.62011,0.250204,4.95586)
subcontact = (-1.54752,0.500208,4.71571) 1064.34 (-78.9284,-0.182593,238.336) 38 -0.00102177 (0.000263415,6.31054e-07,-0.000826738) 51088.6 12051.2 0.0208332
face centroid = (-1.62011,0.250204,4.95586)
subcontact = (-1.54749,0.000207832,4.71571) 2126.1 (-157.995,-0.365207,477.115) 37 -0.00102053 (0.000263652,6.31091e-07,-0.000827503) 51026.6 12062.3 0.0416665
face centroid = (-1.62011,0.250204,4.95586)
subcontact = (-1.54677,0.000207191,4.71686) 1063.62 (-78.9959,-0.18221,238.552) 36 -0.00102108 (0.000263646,6.29729e-07,-0.000827485) 51053.8 12062 0.0208333
face centroid = (-1.62143,0.250205,4.95453)
subcontact = (-1.54681,0.500207,4.71685) 2129.82 (-157.853,-0.364397,476.662) 35 -0.00102232 (0.000263409,6.29688e-07,-0.00082672) 51115.7 12050.9 0.0416667
face centroid = (-1.62143,0.250205,4.95453)
subcontact = (-1.69345,0.500202,5.19487) 2383.73 (-77.4837,0.076003,233.897) 34 -0.00228839 (0.000258557,-2.62659e-07,-0.000811352) 114419 11827.1 0.0208333
face centroid = (-1.62143,0.250205,4.95453)
subcontact = (-1.69342,0.000201764,5.19487) 4764.88 (-155.106,0.151982,468.236) 33 -0.00228715 (0.000258793,-2.62618e-07,-0.000812118) 114357 11838.2 0.0416667
face centroid = (-1.62143,0.250205,4.95453)
contact = 13 1 13 12 (-2.38583,0.25015,4.65404) (0.897958,1.50823e-06,0.440081)
subcontact = (-2.49611,0.000144916,4.87779) 1621.68 (-139.718,0.105416,272.496) 32 -0.00155682 (0.00047433,-3.64294e-07,-0.000946084) 77840.8 14698.9 0.0208333
face centroid = (-2.38515,0.25015,4.65497)
subcontact = (-2.49614,0.500145,4.87779) 3247.98 (-279.144,0.210887,544.398) 31 -0.00155903 (0.000473825,-3.64391e-07,-0.000945056) 77951.6 14683 0.0416666
face centroid = (-2.38515,0.25015,4.65497)
subcontact = (-2.27653,0.500156,4.4286) 2186.8 (-139.557,-0.216663,272.139) 30 -0.00209933 (0.000473753,7.48809e-07,-0.00094486) 104967 14680.2 0.0208333
face centroid = (-2.38515,0.25015,4.65497)
subcontact = (-2.27649,0.00015551,4.42861) 4368.99 (-279.406,-0.433382,544.873) 29 -0.00209712 (0.000474258,7.48907e-07,-0.000945888) 104856 14696.1 0.0416666
face centroid = (-2.38515,0.25015,4.65497)
subcontact = (-2.27509,0.000154741,4.4305) 2183.05 (-139.704,-0.216037,272.438) 28 -0.00209573 (0.00047426,7.46647e-07,-0.000945892) 104787 14696.1 0.0208333
face centroid = (-2.38632,0.25015,4.6532)
subcontact = (-2.27512,0.500155,4.4305) 4370.72 (-279.115,-0.432016,544.281) 27 -0.00209795 (0.000473755,7.46545e-07,-0.000944864) 104897 14680.2 0.0416667
face centroid = (-2.38632,0.25015,4.6532)
subcontact = (-2.49522,0.500145,4.87945) 1622.55 (-139.573,0.106099,272.2) 26 -0.00155765 (0.000473827,-3.66655e-07,-0.00094506) 77882.4 14683.1 0.0208333
face centroid = (-2.38632,0.25015,4.6532)
subcontact = (-2.49519,0.00014526,4.87945) 3240.48 (-279.438,0.212139,544.995) 25 -0.00155543 (0.000474332,-3.66554e-07,-0.000946088) 77771.6 14699 0.0416667
face centroid = (-2.38632,0.25015,4.6532)
contact = 14 1 14 13 (-2.94894,0.000109112,4.03187) (0.817981,5.62483e-05,0.575245)
subcontact = (-3.23792,9.49612e-05,4.4399) 818.02 (-184.198,0.0991984,249.554) 24 -0.000785297 (0.000626642,-3.4165e-07,-0.000869689) 39265 14888.2 0.0208333
face centroid = (-3.09308,0.250101,4.23748)
subcontact = (-3.23796,0.500095,4.4399) 1642.54 (-367.728,0.198449,498.162) 23 -0.000788415 (0.00062549,-3.41741e-07,-0.000868054) 39420.9 14860.4 0.0416667
face centroid = (-3.09308,0.250101,4.23748)
subcontact = (-2.95033,0.500109,4.03091) 3470.01 (-180.691,-0.446012,244.699) 22 -0.00333122 (0.000614628,1.54259e-06,-0.000852836) 166561 14600.8 0.0208333
face centroid = (-3.09308,0.250101,4.23748)
subcontact = (-2.9503,0.000109015,4.03091) 6933.53 (-362.049,-0.892077,490.344) 21 -0.0033281 (0.00061578,1.54268e-06,-0.00085447) 166405 14628.5 0.0416667
face centroid = (-3.09308,0.250101,4.23748)
subcontact = (-2.94821,0.000107453,4.03372) 3462.69 (-181.031,-0.444853,245.18) 20 -0.00332418 (0.0006158,1.53859e-06,-0.000854498) 166211 14629.2 0.0208331
face centroid = (-3.09413,0.250102,4.23541)
subcontact = (-2.94824,0.500107,4.03372) 6931.87 (-361.394,-0.889653,489.415) 19 -0.0033273 (0.000614648,1.5385e-06,-0.000852864) 166367 14601.4 0.0416661
face centroid = (-3.09413,0.250102,4.23541)
subcontact = (-3.23794,0.500095,4.44124) 817.169 (-183.87,0.1004,249.089) 18 -0.000784484 (0.00062551,-3.45807e-07,-0.000868082) 39224.6 14861.1 0.0208331
face centroid = (-3.09413,0.250102,4.23541)
subcontact = (-3.23791,9.52741e-05,4.44124) 1627.84 (-368.408,0.200746,499.124) 17 -0.000781366 (0.000626662,-3.45716e-07,-0.000869717) 39068.7 14888.9 0.0416661
face centroid = (-3.09413,0.250102,4.23541)
contact = 15 7 15 14 (-3.71231,0.25,3.71231) (0.707107,0,0.707107)
contact = 16 1 16 15 (-4.06418,3.64398e-05,2.94114) (0.59611,3.99193e-05,0.802903)
subcontact = (-4.46719,1.70434e-05,3.2371) 0 (0,0,0) 16 0.00320414 (0.000327769,-1.30795e-05,-0.000239688) 0 0 0.0208333
face centroid = (-4.26623,0.250033,3.08914)
subcontact = (-4.46722,0.500017,3.2371) 0 (0,0,0) 15 0.00319231 (0.000316251,-1.30799e-05,-0.000231142) 0 0 0.0416667
face centroid = (-4.26623,0.250033,3.08914)
subcontact = (-4.06577,0.500036,2.93904) 5444.77 (-98.5916,-0.323301,71.0676) 14 -0.00522699 (0.000338931,1.11758e-06,-0.000247955) 261349 5833.73 0.0208333
face centroid = (-4.26623,0.250033,3.08914)
subcontact = (-4.06574,3.63338e-05,2.93905) 10864.9 (-203.85,-0.646844,147.079) 13 -0.00521517 (0.000350448,1.118e-06,-0.000256501) 260757 6032.9 0.0416667
face centroid = (-4.26623,0.250033,3.08914)
subcontact = (-4.06302,3.52107e-05,2.94351) 5424.18 (-101.916,-0.319707,73.5326) 12 -0.00520727 (0.000350422,1.1053e-06,-0.000256482) 260398 6033.21 0.0208304
face centroid = (-4.26648,0.250027,3.08807)
subcontact = (-4.06303,0.500035,2.94351) 10873 (-197.166,-0.639267,142.122) 11 -0.0052191 (0.000338904,1.10504e-06,-0.000247936) 260989 5834.03 0.0416608
face centroid = (-4.26648,0.250027,3.08807)
subcontact = (-4.46944,0.50003,3.23476) 0 (0,0,0) 10 0.00319984 (0.000316227,-1.30905e-05,-0.000231124) 0 0 0.0208304
face centroid = (-4.26648,0.250027,3.08807)
subcontact = (-4.46943,3.01219e-05,3.23477) 0 (0,0,0) 9 0.00321167 (0.000327744,-1.30902e-05,-0.00023967) 0 0 0.0416608
face centroid = (-4.26648,0.250027,3.08807)
contact = 17 7 17 16 (-4.67778,0.25,2.38345) (0.45399,0,0.891007)
contact = 18 7 18 17 (-4.99305,0.25,1.62234) (0.309017,0,0.951057)
contact = 19 1 19 18 (-5.18731,0.25,0.820648) (0.150159,0,0.988662)
subcontact = (-5.43666,-3.94159e-06,0.855989) 5240.34 (1035.49,1.14043,-171.205) 8 -0.00503074 (-0.00357958,-3.94134e-06,0.000567727) 251536 50378.3 0.0208333
face centroid = (-5.18536,0.25,0.821281)
subcontact = (-5.43667,0.499996,0.855986) 10490.8 (2075.66,2.28091,-343.129) 7 -0.0050356 (-0.00358767,-3.94143e-06,0.000568963) 251779 50492 0.0416667
face centroid = (-5.18536,0.25,0.821281)
subcontact = (-4.94232,0.500004,0.780985) 1855.01 (1041.42,-1.22786,-172.158) 6 -0.0017808 (-0.00360009,4.2435e-06,0.000570932) 89040.5 50666.8 0.0208333
face centroid = (-5.18536,0.25,0.821281)
subcontact = (-4.94231,4.24382e-06,0.780988) 3699.89 (2078.17,-2.45577,-343.597) 5 -0.00177594 (-0.003592,4.24359e-06,0.000569696) 88797.3 50553.1 0.0416667
face centroid = (-5.18536,0.25,0.821281)
subcontact = (-4.93844,0,0.782172) 1829.43 (1039.11,-1.24522,-171.802) 4 -0.00175625 (-0.00359208,4.30356e-06,0.000569708) 87814.3 50555.3 0.0208329
face centroid = (-5.18949,0.25,0.818487)
subcontact = (-4.93844,0.5,0.782172) 3668.99 (2082.9,-2.49043,-344.324) 3 -0.00176112 (-0.00360017,4.30353e-06,0.000570944) 88057.5 50669 0.0416658
face centroid = (-5.18949,0.25,0.818487)
subcontact = (-5.43229,0.5,0.86039) 5224.92 (1037.86,1.12304,-171.568) 2 -0.00501593 (-0.00358775,-3.88131e-06,0.000568975) 250801 50494.2 0.0208329
face centroid = (-5.18949,0.25,0.818487)
subcontact = (-5.43229,0,0.86039) 10439.7 (2071.03,2.24607,-342.418) 1 -0.00501106 (-0.00357966,-3.88128e-06,0.00056774) 250558 50380.5 0.0416658
face centroid = (-5.18949,0.25,0.818487)
3dec>log off
**********************************************
* Logging ended at Thu Mar 14 08:51:58 2024
**********************************************
