;__create Supports__
block create group "Supports" poly face 1.5480000000,0.0000000000,0.0640000000 1.5480000000,0.5000000000,0.0640000000 1.5000000000,0.5000000000,0.0000000000 1.5000000000,0.0000000000,0.0000000000 face 0.9414475098,0.0000000000,0.3159612662 0.9414475098,0.5000000000,0.3159612662 0.9715738301,0.5000000000,0.3900720267 0.9715738301,0.0000000000,0.3900720267 face 1.5000000000,0.0000000000,0.0000000000 0.9414475098,0.0000000000,0.3159612662 0.9715738301,0.0000000000,0.3900720267 1.5480000000,0.0000000000,0.0640000000 face 0.9414475098,0.5000000000,0.3159612662 1.5000000000,0.5000000000,0.0000000000 1.5480000000,0.5000000000,0.0640000000 0.9715738301,0.5000000000,0.3900720267 face 0.9715738301,0.5000000000,0.3900720267 1.5480000000,0.5000000000,0.0640000000 1.5480000000,0.0000000000,0.0640000000 0.9715738301,0.0000000000,0.3900720267 face 0.9414475098,0.0000000000,0.3159612662 1.5000000000,0.0000000000,0.0000000000 1.5000000000,0.5000000000,0.0000000000 0.9414475098,0.5000000000,0.3159612662  r=0
;__create Blocks__
block create group "Blocks" poly face 0.9715738301,0.0000000000,0.3900720267 0.9715738301,0.5000000000,0.3900720267 0.9414475098,0.5000000000,0.3159612662 0.9414475098,0.0000000000,0.3159612662 face 0.3208630573,0.0000000000,0.4793238793 0.3208630573,0.5000000000,0.4793238793 0.3311306751,0.5000000000,0.5586622434 0.3311306751,0.0000000000,0.5586622434 face 0.9414475098,0.0000000000,0.3159612662 0.3208630573,0.0000000000,0.4793238793 0.3311306751,0.0000000000,0.5586622434 0.9715738301,0.0000000000,0.3900720267 face 0.3208630573,0.5000000000,0.4793238793 0.9414475098,0.5000000000,0.3159612662 0.9715738301,0.5000000000,0.3900720267 0.3311306751,0.5000000000,0.5586622434 face 0.3311306751,0.5000000000,0.5586622434 0.9715738301,0.5000000000,0.3900720267 0.9715738301,0.0000000000,0.3900720267 0.3311306751,0.0000000000,0.5586622434 face 0.3208630573,0.0000000000,0.4793238793 0.9414475098,0.0000000000,0.3159612662 0.9414475098,0.5000000000,0.3159612662 0.3208630573,0.5000000000,0.4793238793  r=1
;__create Blocks__
block create group "Blocks" poly face 0.3311306751,0.0000000000,0.5586622434 0.3311306751,0.5000000000,0.5586622434 0.3208630573,0.5000000000,0.4793238793 0.3208630573,0.0000000000,0.4793238793 face -0.3208630573,0.0000000000,0.4793238793 -0.3208630573,0.5000000000,0.4793238793 -0.3311306751,0.5000000000,0.5586622434 -0.3311306751,0.0000000000,0.5586622434 face 0.3208630573,0.0000000000,0.4793238793 -0.3208630573,0.0000000000,0.4793238793 -0.3311306751,0.0000000000,0.5586622434 0.3311306751,0.0000000000,0.5586622434 face -0.3208630573,0.5000000000,0.4793238793 0.3208630573,0.5000000000,0.4793238793 0.3311306751,0.5000000000,0.5586622434 -0.3311306751,0.5000000000,0.5586622434 face -0.3311306751,0.5000000000,0.5586622434 0.3311306751,0.5000000000,0.5586622434 0.3311306751,0.0000000000,0.5586622434 -0.3311306751,0.0000000000,0.5586622434 face -0.3208630573,0.0000000000,0.4793238793 0.3208630573,0.0000000000,0.4793238793 0.3208630573,0.5000000000,0.4793238793 -0.3208630573,0.5000000000,0.4793238793  r=2
;__create Blocks__
block create group "Blocks" poly face -0.3311306751,0.0000000000,0.5586622434 -0.3311306751,0.5000000000,0.5586622434 -0.3208630573,0.5000000000,0.4793238793 -0.3208630573,0.0000000000,0.4793238793 face -0.9414475098,0.0000000000,0.3159612662 -0.9414475098,0.5000000000,0.3159612662 -0.9715738301,0.5000000000,0.3900720267 -0.9715738301,0.0000000000,0.3900720267 face -0.3208630573,0.0000000000,0.4793238793 -0.9414475098,0.0000000000,0.3159612662 -0.9715738301,0.0000000000,0.3900720267 -0.3311306751,0.0000000000,0.5586622434 face -0.9414475098,0.5000000000,0.3159612662 -0.3208630573,0.5000000000,0.4793238793 -0.3311306751,0.5000000000,0.5586622434 -0.9715738301,0.5000000000,0.3900720267 face -0.9715738301,0.5000000000,0.3900720267 -0.3311306751,0.5000000000,0.5586622434 -0.3311306751,0.0000000000,0.5586622434 -0.9715738301,0.0000000000,0.3900720267 face -0.9414475098,0.0000000000,0.3159612662 -0.3208630573,0.0000000000,0.4793238793 -0.3208630573,0.5000000000,0.4793238793 -0.9414475098,0.5000000000,0.3159612662  r=3
;__create Supports__
block create group "Supports" poly face -0.9715738301,0.0000000000,0.3900720267 -0.9715738301,0.5000000000,0.3900720267 -0.9414475098,0.5000000000,0.3159612662 -0.9414475098,0.0000000000,0.3159612662 face -1.5000000000,0.0000000000,-0.0000000000 -1.5000000000,0.5000000000,-0.0000000000 -1.5480000000,0.5000000000,0.0640000000 -1.5480000000,0.0000000000,0.0640000000 face -0.9414475098,0.0000000000,0.3159612662 -1.5000000000,0.0000000000,-0.0000000000 -1.5480000000,0.0000000000,0.0640000000 -0.9715738301,0.0000000000,0.3900720267 face -1.5000000000,0.5000000000,-0.0000000000 -0.9414475098,0.5000000000,0.3159612662 -0.9715738301,0.5000000000,0.3900720267 -1.5480000000,0.5000000000,0.0640000000 face -1.5480000000,0.5000000000,0.0640000000 -0.9715738301,0.5000000000,0.3900720267 -0.9715738301,0.0000000000,0.3900720267 -1.5480000000,0.0000000000,0.0640000000 face -1.5000000000,0.0000000000,-0.0000000000 -0.9414475098,0.0000000000,0.3159612662 -0.9414475098,0.5000000000,0.3159612662 -1.5000000000,0.5000000000,-0.0000000000  r=4
