**********************************************
* Logging started at Thu Aug 17 13:04:27 2023
* By 3dec Version 7.00 Release 159
* 
* 
* Job Title: 
**********************************************
3dec>log-file 'init_state.txt'
**********************************************
* Logging ended at Thu Aug 17 13:04:27 2023
**********************************************
**********************************************
* Logging started at Thu Aug 17 13:04:29 2023
* By 3dec Version 7.00 Release 159
* 
* 
* Job Title: 
**********************************************
3dec>@contacts_output
contact = 1 1 1 0 (1,0.5,0.5) (1,0,0)
subcontact = (1,0,0) 0 (0,0,0) 94 0 (0,0,0)
face centroid = (1,0.5,0.5)
subcontact = (1,0,1) 0 (0,0,0) 93 0 (0,0,0)
face centroid = (1,0.5,0.5)
subcontact = (1,1,1) 0 (0,0,0) 92 0 (0,0,0)
face centroid = (1,0.5,0.5)
subcontact = (1,1,0) 0 (0,0,0) 91 0 (0,0,0)
face centroid = (1,0.5,0.5)
subcontact = (1,1,0) 0 (0,0,0) 90 0 (0,0,0)
face centroid = (1,0.5,0.5)
subcontact = (1,1,1) 0 (0,0,0) 89 0 (0,0,0)
face centroid = (1,0.5,0.5)
subcontact = (1,0,1) 0 (0,0,0) 88 0 (0,0,0)
face centroid = (1,0.5,0.5)
subcontact = (1,0,0) 0 (0,0,0) 87 0 (0,0,0)
face centroid = (1,0.5,0.5)
contact = 2 1 3 2 (0.693662,0.5,2.5) (1,0,0)
subcontact = (0.693662,-3.21295e-08,2) 0 (0,0,0) 86 6.93503e-07 (0,-2.05152e-08,-2.77588e-08)
face centroid = (0.693661,0.5,2.5)
subcontact = (0.693663,-6.42936e-08,3) 0 (0,0,0) 85 1.38618e-06 (0,-4.11713e-08,-2.77586e-08)
face centroid = (0.693661,0.5,2.5)
subcontact = (0.693663,1,3) 0 (0,0,0) 84 1.38591e-06 (0,-4.11713e-08,-7.10247e-09)
face centroid = (0.693661,0.5,2.5)
subcontact = (0.693662,1,2) 0 (0,0,0) 83 6.93228e-07 (0,-2.05152e-08,-7.10266e-09)
face centroid = (0.693661,0.5,2.5)
subcontact = (0.693662,1,2) 0 (0,0,0) 82 6.93228e-07 (0,-2.05152e-08,-7.10266e-09)
face centroid = (0.693662,0.5,2.5)
subcontact = (0.693661,1,3) 0 (0,0,0) 81 1.38591e-06 (0,-4.11713e-08,-7.10247e-09)
face centroid = (0.693662,0.5,2.5)
subcontact = (0.693661,-2.31223e-08,3) 0 (0,0,0) 80 1.38618e-06 (0,-4.11713e-08,-2.77586e-08)
face centroid = (0.693662,0.5,2.5)
subcontact = (0.693662,-1.16143e-08,2) 0 (0,0,0) 79 6.93503e-07 (0,-2.05152e-08,-2.77588e-08)
face centroid = (0.693662,0.5,2.5)
contact = 3 1 4 0 (1.34683,0.5,1) (0,0,-1)
subcontact = (1.69366,-5.80403e-15,1) 0 (0,0,0) 71 2.87842e-10 (4.90308e-11,-1.10053e-11,0)
subcontact = (1,1.37656e-11,1) 0.224095 (0,0,0) 75 -5.58879e-11 (4.90308e-11,-9.10501e-12,0)
subcontact = (1,1,1) 2784.53 (-0.401136,0.0578395,0) 77 -3.61112e-07 (8.80279e-11,-1.37605e-11,0)
face centroid = (1.19366,0.5,1)
subcontact = (1.69366,0.693662,1) 1721.19 (-0.502524,-0.0536467,0) 76 -4.27724e-07 (1.09004e-10,3.373e-11,0)
subcontact = (1,0,1) 4549.44 (-0.904059,0.0829766,0) 74 -3.93277e-07 (1.56494e-10,-1.37611e-11,0)
face centroid = (1.19366,0.5,1)
subcontact = (1,0.693662,1) 3532.94 (4.29894,0.00850998,0) 72 -3.70965e-07 (1.09002e-10,-1.37607e-11,0)
subcontact = (1.69366,1,1) 3979.18 (-1.79479,-0.217697,0) 70 -4.17871e-07 (8.80302e-11,3.37302e-11,0)
face centroid = (1.5,0.5,1)
subcontact = (1.69366,-3.37296e-11,1) 4474.48 (0.940479,-0.135696,0) 69 -4.50035e-07 (1.56497e-10,3.37296e-11,0)
face centroid = (1.5,0.5,1)
contact = 4 1 4 1 (0.846831,0.5,1) (0,0,-1)
subcontact = (0.693662,1,1) 0.224187 (0,0,0) 66 -2.86676e-10 (5.17703e-11,-8.26582e-12,0)
subcontact = (1,1.37657e-11,1) 0.120818 (0,0,0) 60 -5.58879e-11 (4.90308e-11,-9.10501e-12,0)
subcontact = (0.693662,0.693662,1) 1133.09 (0.729668,0.0332015,0) 67 -3.45899e-07 (1.09001e-10,-3.47337e-11,0)
subcontact = (1,0,1) 1861.73 (-1.87173,0.0498498,0) 65 -3.93277e-07 (1.56494e-10,-1.37611e-11,0)
face centroid = (1.19366,0.5,1)
subcontact = (1,1,1) 1247.97 (-1.00876,0.044818,0) 64 -3.61112e-07 (8.80279e-11,-1.37605e-11,0)
face centroid = (1.19366,0.5,1)
subcontact = (0.693662,3.47341e-11,1) 1613.89 (1.11845,0.0289499,0) 62 -3.6821e-07 (1.56493e-10,-3.47341e-11,0)
face centroid = (0.5,0.5,1)
subcontact = (1,0.693662,1) 824.148 (-1.14907,0.0375562,0) 61 -3.70965e-07 (1.09002e-10,-1.37607e-11,0)
subcontact = (0.693662,1,1) 1694.85 (0.536857,0.0647628,0) 59 -3.36046e-07 (8.80268e-11,-3.47335e-11,0)
face centroid = (0.5,0.5,1)
contact = 5 1 4 2 (1.19366,0.5,2) (0,0,1)
subcontact = (0.693662,-3.21295e-08,2) 1634.33 (0.000571187,-0.000107065,0) 58 -1.9612e-07 (-9.79178e-14,1.8354e-14,0)
face centroid = (1.19366,0.5,2)
subcontact = (0.693662,1,2) 3268.67 (0.00113813,-0.000214129,0) 57 -1.9612e-07 (-9.75543e-14,1.83539e-14,0)
face centroid = (1.19366,0.5,2)
subcontact = (1.69366,1,2) 1634.33 (0.000569067,-0.000104944,0) 56 -1.9612e-07 (-9.75544e-14,1.79904e-14,0)
face centroid = (1.19366,0.5,2)
subcontact = (1.69366,-3.21979e-08,2) 3268.66 (0.00114238,-0.00020989,0) 55 -1.9612e-07 (-9.79179e-14,1.79905e-14,0)
face centroid = (1.19366,0.5,2)
subcontact = (0.693662,1,2) 1634.34 (0.000569066,-0.000107065,0) 54 -1.9612e-07 (-9.75542e-14,1.8354e-14,0)
face centroid = (1.19366,0.5,2)
subcontact = (0.693662,-3.21295e-08,2) 3268.67 (0.00114237,-0.000214132,0) 53 -1.9612e-07 (-9.79177e-14,1.83542e-14,0)
face centroid = (1.19366,0.5,2)
subcontact = (1.69366,-3.21979e-08,2) 1634.33 (0.000571187,-0.000104946,0) 52 -1.9612e-07 (-9.79178e-14,1.79907e-14,0)
face centroid = (1.19366,0.5,2)
subcontact = (1.69366,1,2) 3268.66 (0.00113813,-0.00020989,0) 51 -1.9612e-07 (-9.75543e-14,1.79906e-14,0)
face centroid = (1.19366,0.5,2)
contact = 6 4 4 3 (0.693662,0.5,2) (-0.707107,0,0.707107)
contact = 7 4 5 2 (0.693662,0.5,3) (0.707107,0,-0.707107)
contact = 8 1 5 3 (0.193661,0.5,3) (0,0,-1)
subcontact = (-0.306339,1,3) 817.17 (-0.00142567,0.000166003,0) 50 -9.80604e-08 (2.444e-13,-2.84577e-14,0)
face centroid = (0.193661,0.5,3)
subcontact = (-0.306339,-2.27788e-08,3) 1634.34 (-0.00291345,0.000331983,0) 49 -9.80603e-08 (2.49725e-13,-2.84557e-14,0)
face centroid = (0.193661,0.5,3)
subcontact = (0.693661,-2.31223e-08,3) 817.164 (-0.00145671,0.000134827,0) 48 -9.80596e-08 (2.49721e-13,-2.31132e-14,0)
face centroid = (0.193661,0.5,3)
subcontact = (0.693661,1,3) 1634.33 (-0.00285129,0.000269677,0) 47 -9.80597e-08 (2.44396e-13,-2.31151e-14,0)
face centroid = (0.193661,0.5,3)
subcontact = (-0.306339,-2.27788e-08,3) 817.169 (-0.00145653,0.000165968,0) 46 -9.80603e-08 (2.4969e-13,-2.84516e-14,0)
face centroid = (0.193661,0.5,3)
subcontact = (-0.306339,1,3) 1634.34 (-0.00285073,0.000331935,0) 45 -9.80604e-08 (2.44348e-13,-2.84516e-14,0)
face centroid = (0.193661,0.5,3)
subcontact = (0.693661,1,3) 817.164 (-0.00142543,0.000134814,0) 44 -9.80597e-08 (2.4436e-13,-2.31109e-14,0)
face centroid = (0.193661,0.5,3)
subcontact = (0.693661,-2.31223e-08,3) 1634.33 (-0.00291341,0.000269653,0) 43 -9.80596e-08 (2.49721e-13,-2.31131e-14,0)
face centroid = (0.193661,0.5,3)
contact = 9 1 6 1 (0.346831,0.5,1) (0,0,-1)
subcontact = (2.26874e-13,1.31715e-10,1) 0 (0,0,0) 35 1.39972e-10 (1.10934e-10,-1.21735e-10,0)
subcontact = (0.693662,2.66908e-13,1) 0 (0,0,0) 39 2.12986e-08 (2.96465e-09,3.61805e-11,0)
subcontact = (0,1,1) 6039.82 (1.26881,0.478856,0) 41 -7.52672e-07 (6.35277e-10,-1.32134e-10,0)
face centroid = (0.193662,0.5,0.999999)
subcontact = (0.693662,0.693662,1) 1593.63 (-9.5521,-0.434819,0) 40 -3.3247e-07 (7.40619e-10,1.0611e-10,0)
subcontact = (0,0,1) 8556.49 (-8.33199,0.972411,0) 38 -7.6418e-07 (9.78728e-10,-1.32134e-10,0)
face centroid = (0.193662,0.5,0.999999)
subcontact = (3.78683e-13,0.693662,1) 6608.68 (20.3515,0.0747485,0) 36 -7.56197e-07 (7.40489e-10,-1.32134e-10,0)
subcontact = (0.693662,1,1) 2979.55 (-9.83216,-0.693987,0) 34 -3.28945e-07 (6.35407e-10,1.0611e-10,0)
face centroid = (0.5,0.5,1)
subcontact = (0.693662,-1.0611e-10,1) 3639.83 (6.06513,-0.393969,0) 33 -3.40453e-07 (9.78858e-10,1.0611e-10,0)
face centroid = (0.5,0.5,1)
contact = 10 4 6 2 (0.693662,0.5,2) (0.707107,0,0.707107)
contact = 11 1 6 3 (0.193662,0.5,2) (0,0,1)
subcontact = (-0.306338,-1.12708e-08,2) 1634.34 (0.00229945,-0.000253774,0) 32 -1.96121e-07 (-3.94191e-13,4.35041e-14,0)
face centroid = (0.193662,0.5,2)
subcontact = (-0.306338,1,2) 3268.69 (0.00452638,-0.000507549,0) 31 -1.96121e-07 (-3.87975e-13,4.35042e-14,0)
face centroid = (0.193662,0.5,2)
subcontact = (0.693662,1,2) 1634.33 (0.0022632,-0.000217511,0) 30 -1.96119e-07 (-3.87977e-13,3.72876e-14,0)
face centroid = (0.193662,0.5,2)
subcontact = (0.693662,-1.16143e-08,2) 3268.65 (0.00459891,-0.000435021,0) 29 -1.96119e-07 (-3.94192e-13,3.72875e-14,0)
face centroid = (0.193662,0.5,2)
subcontact = (-0.306338,1,2) 1634.34 (0.00226334,-0.00025379,0) 28 -1.96121e-07 (-3.88001e-13,4.35068e-14,0)
face centroid = (0.193662,0.5,2)
subcontact = (-0.306338,-1.12709e-08,2) 3268.68 (0.00459905,-0.000507562,0) 27 -1.96121e-07 (-3.94204e-13,4.35053e-14,0)
face centroid = (0.193662,0.5,2)
subcontact = (0.693662,-1.16143e-08,2) 1634.32 (0.00229945,-0.000217509,0) 26 -1.96119e-07 (-3.94192e-13,3.72872e-14,0)
face centroid = (0.193662,0.5,2)
subcontact = (0.693662,1,2) 3268.65 (0.00452639,-0.000435018,0) 25 -1.96119e-07 (-3.87977e-13,3.72873e-14,0)
face centroid = (0.193662,0.5,2)
contact = 12 1 6 4 (0.693662,0.5,1.5) (1,0,0)
subcontact = (0.693662,3.47341e-11,1) 0 (0,0,0) 24 8.22401e-10 (0,1.40845e-10,-2.77577e-08)
face centroid = (0.693662,0.5,1.5)
subcontact = (0.693662,-3.21295e-08,2) 0 (0,0,0) 23 6.93503e-07 (0,-2.05152e-08,-2.77575e-08)
face centroid = (0.693662,0.5,1.5)
subcontact = (0.693662,1,2) 0 (0,0,0) 22 6.93228e-07 (0,-2.05152e-08,-7.10147e-09)
face centroid = (0.693662,0.5,1.5)
subcontact = (0.693662,1,1) 0 (0,0,0) 21 5.47421e-10 (0,1.40845e-10,-7.10165e-09)
face centroid = (0.693662,0.5,1.5)
subcontact = (0.693662,1,1) 0 (0,0,0) 20 5.47373e-10 (0,1.40846e-10,-7.10165e-09)
face centroid = (0.693662,0.5,1.5)
subcontact = (0.693662,1,2) 0 (0,0,0) 19 6.93228e-07 (0,-2.05152e-08,-7.10147e-09)
face centroid = (0.693662,0.5,1.5)
subcontact = (0.693662,-1.16143e-08,2) 0 (0,0,0) 18 6.93503e-07 (0,-2.05152e-08,-2.77575e-08)
face centroid = (0.693662,0.5,1.5)
subcontact = (0.693662,-1.0611e-10,1) 0 (0,0,0) 17 8.22358e-10 (0,1.40846e-10,-2.77577e-08)
face centroid = (0.693662,0.5,1.5)
contact = 13 1 7 2 (1.19366,0.5,3) (0,0,-1)
subcontact = (0.693663,1,3) 817.167 (-0.000362098,6.82869e-05,0) 16 -9.80601e-08 (6.2074e-14,-1.17063e-14,0)
face centroid = (1.19366,0.5,3)
subcontact = (0.693663,-6.42936e-08,3) 1634.33 (-0.000726337,0.000136601,0) 15 -9.80601e-08 (6.22575e-14,-1.17086e-14,0)
face centroid = (1.19366,0.5,3)
subcontact = (1.69366,-6.43621e-08,3) 817.166 (-0.000363169,6.72303e-05,0) 14 -9.80599e-08 (6.22575e-14,-1.15252e-14,0)
face centroid = (1.19366,0.5,3)
subcontact = (1.69366,1,3) 1634.33 (-0.000724197,0.000134433,0) 13 -9.80599e-08 (6.20741e-14,-1.15229e-14,0)
face centroid = (1.19366,0.5,3)
subcontact = (0.693663,-6.42936e-08,3) 817.167 (-0.000363169,6.8291e-05,0) 12 -9.80601e-08 (6.22575e-14,-1.1707e-14,0)
face centroid = (1.19366,0.5,3)
subcontact = (0.693663,1,3) 1634.33 (-0.000724197,0.000136574,0) 11 -9.80601e-08 (6.2074e-14,-1.17063e-14,0)
face centroid = (1.19366,0.5,3)
subcontact = (1.69366,1,3) 817.166 (-0.000362099,6.72168e-05,0) 10 -9.80599e-08 (6.20741e-14,-1.15229e-14,0)
face centroid = (1.19366,0.5,3)
subcontact = (1.69366,-6.43621e-08,3) 1634.33 (-0.000726338,0.000134461,0) 9 -9.80599e-08 (6.22575e-14,-1.15252e-14,0)
face centroid = (1.19366,0.5,3)
contact = 14 4 7 3 (0.693662,0.5,3) (-0.707107,0,-0.707107)
contact = 15 1 7 5 (0.693662,0.5,3.5) (-1,0,0)
subcontact = (0.693661,1,3) 0 (0,0,0) 8 1.38591e-06 (0,4.11713e-08,7.10285e-09)
face centroid = (0.693663,0.5,3.5)
subcontact = (0.693661,1,4) 0 (0,0,0) 7 2.07859e-06 (0,6.18275e-08,7.10267e-09)
face centroid = (0.693663,0.5,3.5)
subcontact = (0.693661,-3.46303e-08,4) 0 (0,0,0) 6 2.07887e-06 (0,6.18275e-08,2.77588e-08)
face centroid = (0.693663,0.5,3.5)
subcontact = (0.693661,-2.31223e-08,3) 0 (0,0,0) 5 1.38619e-06 (0,4.11713e-08,2.7759e-08)
face centroid = (0.693663,0.5,3.5)
subcontact = (0.693663,-6.42936e-08,3) 0 (0,0,0) 4 1.38619e-06 (0,4.11713e-08,2.7759e-08)
face centroid = (0.693661,0.5,3.5)
subcontact = (0.693663,-9.64577e-08,4) 0 (0,0,0) 3 2.07887e-06 (0,6.18275e-08,2.77588e-08)
face centroid = (0.693661,0.5,3.5)
subcontact = (0.693663,1,4) 0 (0,0,0) 2 2.07859e-06 (0,6.18275e-08,7.10267e-09)
face centroid = (0.693661,0.5,3.5)
subcontact = (0.693663,1,3) 0 (0,0,0) 1 1.38591e-06 (0,4.11713e-08,7.10285e-09)
face centroid = (0.693661,0.5,3.5)
3dec>log off
**********************************************
* Logging ended at Thu Aug 17 13:04:29 2023
**********************************************
