;__create geometry__
block create poly face -185.7287750244,0.0000000000,0.0000000000 -175.0509490967,0.0000000000,0.0000000000 -175.0509490967,0.0000000000,9.0448837280 -185.7287750244,0.0000000000,9.0448837280 face -175.0509490967,0.0000000000,0.0000000000 -175.0509490967,11.5044097900,0.0000000000 -175.0509490967,11.5044097900,9.0448837280 -175.0509490967,0.0000000000,9.0448837280 face -175.0509490967,11.5044097900,0.0000000000 -185.7287750244,11.5044097900,0.0000000000 -185.7287750244,11.5044097900,9.0448837280 -175.0509490967,11.5044097900,9.0448837280 face -185.7287750244,11.5044097900,0.0000000000 -185.7287750244,0.0000000000,0.0000000000 -185.7287750244,0.0000000000,9.0448837280 -185.7287750244,11.5044097900,9.0448837280 face -185.7287750244,0.0000000000,0.0000000000 -185.7287750244,11.5044097900,0.0000000000 -175.0509490967,0.0000000000,0.0000000000 face -175.0509490967,11.5044097900,0.0000000000 -175.0509490967,0.0000000000,0.0000000000 -185.7287750244,11.5044097900,0.0000000000 face -175.0509490967,0.0000000000,9.0448837280 -185.7287750244,11.5044097900,9.0448837280 -185.7287750244,0.0000000000,9.0448837280 face -185.7287750244,11.5044097900,9.0448837280 -175.0509490967,0.0000000000,9.0448837280 -175.0509490967,11.5044097900,9.0448837280  r=0 m=2
fix range region=0 
 
block create poly face -196.4066162109,0.0000000000,0.0000000001 -185.7287750244,0.0000000000,0.0000000001 -185.7287750244,0.0000000000,9.0448837280 -196.4066162109,0.0000000000,9.0448837280 face -185.7287750244,0.0000000000,0.0000000001 -185.7287750244,11.5044097900,0.0000000001 -185.7287750244,11.5044097900,9.0448837280 -185.7287750244,0.0000000000,9.0448837280 face -185.7287750244,11.5044097900,0.0000000001 -196.4066162109,11.5044097900,0.0000000001 -196.4066162109,11.5044097900,9.0448837280 -185.7287750244,11.5044097900,9.0448837280 face -196.4066162109,11.5044097900,0.0000000001 -196.4066162109,0.0000000000,0.0000000001 -196.4066162109,0.0000000000,9.0448837280 -196.4066162109,11.5044097900,9.0448837280 face -196.4066162109,0.0000000000,0.0000000001 -196.4066162109,11.5044097900,0.0000000001 -185.7287750244,11.5044097900,0.0000000001 -185.7287750244,0.0000000000,0.0000000001 face -196.4066162109,0.0000000000,9.0448837280 -185.7287750244,0.0000000000,9.0448837280 -185.7287750244,11.5044097900,9.0448837280 -196.4066162109,11.5044097900,9.0448837280  r=1 m=2
fix range region=1 
 
block create poly face -196.4066162109,11.5044097900,0.0000000000 -185.5646057129,11.5044097900,0.0000000000 -185.5646057129,25.8701934814,0.0000000000 -196.4066162109,25.8701934814,0.0000000000 face -196.4066162109,25.8701934814,16.2161045074 -185.5646057129,25.8701934814,16.2161045074 -185.5646057129,11.5044097900,16.2161045074 -196.4066162109,11.5044097900,16.2161045074 face -196.4066162109,11.5044097900,16.2161045074 -185.5646057129,11.5044097900,16.2161045074 -185.5646057129,11.5044097900,0.0000000000 -196.4066162109,11.5044097900,0.0000000000 face -185.5646057129,11.5044097900,16.2161045074 -185.5646057129,25.8701934814,16.2161045074 -185.5646057129,25.8701934814,0.0000000000 -185.5646057129,11.5044097900,0.0000000000 face -185.5646057129,25.8701934814,16.2161045074 -196.4066162109,25.8701934814,16.2161045074 -196.4066162109,25.8701934814,0.0000000000 -185.5646057129,25.8701934814,0.0000000000 face -196.4066162109,25.8701934814,16.2161045074 -196.4066162109,11.5044097900,16.2161045074 -196.4066162109,11.5044097900,0.0000000000 -196.4066162109,25.8701934814,0.0000000000  r=2 m=2
fix range region=2 
 
